# Region file format: DS9 version 4.1
global color=green dashlist=8 3 width=1 font="helvetica 10 normal roman" select=1 highlite=1 dash=0 fixed=0 edit=1 move=1 delete=1 include=1 source=1
physical
ellipse(4280.9976,3400.6295,7.71672,6.212134,120.6326)
ellipse(4580.3886,3468.8014,10.131503,7.005198,126.9227)
ellipse(4959.4406,3560.9869,8.212345,4.858952,139.12004)
ellipse(4034.4108,3611.5931,4.422157,1.712078,96.667553)
ellipse(4423.8229,3641.8843,4.411222,3.382925,12.181227)
ellipse(4873.68,3664.6796,12.465109,8.584144,140.28029)
ellipse(3445.5248,3683.101,11.667374,8.065515,73.478181)
ellipse(5179.7482,3762.6586,8.789006,6.748327,139.69698)
ellipse(3377.9079,3846.484,8.138804,5.815732,68.088412)
ellipse(4638.1226,3849.7192,7.293408,4.161284,133.1369)
ellipse(3989.3991,3861.5083,3.522314,2.664421,91.518969)
ellipse(4495.7376,3921.9548,5.122091,2.532428,143.26032)
ellipse(4165.6511,3924.7509,3.249901,2.68619,129.61869)
ellipse(4573.5967,3926.5867,4.247815,2.707594,27.969546)
ellipse(4159.0575,3935.429,2.711884,2.20558,132.90697)
ellipse(4271.24,3938.27,3.102278,1.842138,141.95389)
ellipse(4509.9035,3945.7641,4.855491,3.210384,143.70717)
ellipse(5080.9001,3952.2681,8.737122,6.212943,144.75388)
ellipse(4403.98,3960.1811,3.204457,2.206885,138.41038)
ellipse(4550.6324,3966.9081,6.510276,2.917921,161.51672)
ellipse(4621.9657,3967.1521,6.800179,3.92137,137.30661)
ellipse(4691.227,3975.67,8.91386,5.174283,161.08797)
ellipse(4634.5702,3988.4017,6.432608,4.205042,143.33257)
ellipse(4348.8244,4007.5229,3.126706,2.449883,148.79697)
ellipse(4723.5087,4008.5897,9.435045,5.649685,146.089)
ellipse(4602.3164,4009.0791,3.791753,3.214875,175.7672)
ellipse(4590.9949,4012.3938,5.968246,5.420406,168.13172)
ellipse(4235.8697,4012.6187,2.966374,2.281836,126.21107)
ellipse(4590.4908,4017.3457,2.641022,2.04,41.105357)
ellipse(4562.805,4018.67,4.133868,3.923712,69.18323)
ellipse(4571.2133,4023.8033,4.498904,2.870517,179.80902)
ellipse(4592.5133,4030.17,4.194567,2.627853,140.39215)
ellipse(4531.5457,4032.5954,5.441727,3.256982,136.24858)
ellipse(4583.68,4037.87,6.771142,3.37515,121.3159)
ellipse(4573.7834,4045.2102,4.258477,3.424708,154.79249)
ellipse(4894.3202,4045.3242,12.236448,7.488618,160.30295)
ellipse(4491.0133,4051.0867,4.035807,2.428942,142.85432)
ellipse(4526.6377,4058.7485,4.823631,2.727712,147.47023)
ellipse(4601.9512,4061.3141,3.996956,2.662082,151.7341)
ellipse(4605.1639,4066.9926,5.933538,3.703669,156.75836)
ellipse(4617.3723,4082.9008,4.619247,2.390777,177.26132)
ellipse(3903.48,4103.27,1.613996,0.997505,121.71747)
ellipse(4571.4009,4168.3444,4.355617,3.151474,156.27797)
ellipse(3663.68,4177.8367,3.924724,1.961259,64.426687)
ellipse(4578.8675,4203.67,4.943304,3.091899,164.01884)
ellipse(3750.051,4226.1539,3.867673,2.495521,41.666175)
ellipse(4144.305,4254.9286,2.968236,2.31161,132.39741)
ellipse(3972.68,4264.67,2.709546,2.158323,103.28253)
ellipse(4069.7217,4265.5658,2.806022,2.347969,135.99563)
ellipse(4479.0288,4277.577,3.605195,2.939975,172.74885)
ellipse(4332.9153,4316.6112,3.785113,2.40636,0.836197)
ellipse(4342.8338,4318.67,4.078315,2.842077,9.443044)
ellipse(3863.63,4328.87,2.733354,1.579962,35.085933)
ellipse(4685.7255,4336.8973,5.389749,3.120875,162.95603)
ellipse(4404.2722,4355.4176,6.430297,2.7902,163.67755)
ellipse(4006.8338,4368.8238,4.604186,2.853887,130.42255)
ellipse(4240.6977,4406.2231,3.807685,2.748672,173.63419)
ellipse(4888.543,4446.8344,7.803642,6.904882,159.36985)
ellipse(4061.0484,4529.0911,5.228652,2.865737,16.596468)
ellipse(4163.4578,4573.8367,3.418094,2.474306,8.719694)
ellipse(4157.0182,4654.7288,7.576818,4.760611,5.633879)
ellipse(4628.68,4801.0033,1.414214,0,90)
ellipse(3902.0278,2947.4091,5.679548,5.0517,146.5993)
ellipse(4161.18,3301.67,4.293403,2.513303,10.900705)
ellipse(3488.7276,3344.3367,7.007014,3.985141,12.463787)
ellipse(3488.1086,3356.67,5.289037,3.577932,147.66209)
ellipse(4461.305,3408.795,4.5,2.755676,71.565051)
ellipse(4591.4474,3510.3909,11.151025,6.408715,133.92136)
ellipse(4244.93,3599.17,1.768721,0.899515,127.98188)
ellipse(4858.1175,3656.7638,9.952551,8.848798,166.00658)
ellipse(4616.2514,3674.8129,4.986855,2.592898,124.31469)
ellipse(4676.68,3691.17,5.939346,3.670718,24.592458)
ellipse(5094.7709,3704.4427,6.18867,3.265136,138.38082)
ellipse(4574.1506,3771.3171,8.361447,3.258693,142.33196)
ellipse(5078.1244,3774.0033,4.95936,3.102736,170.91702)
ellipse(4702.0133,3814.9663,10.662134,5.118147,154.95248)
ellipse(3408.7911,3825.67,6.654012,4.075906,66.849024)
ellipse(4657.9877,3927.4392,5.309506,4.430759,53.315477)
ellipse(4644.68,3943.4882,4.927726,2.207835,87.581708)
ellipse(4135.8467,4003.0033,4.797484,2.689636,91.816475)
ellipse(5113.8851,4005.5162,6.443005,4.284567,148.41349)
ellipse(4830.5863,4041.67,8.504373,6.485776,171.3483)
ellipse(4276.43,4107.92,3.923677,1.216454,172.98188)
ellipse(3006.68,4118.52,7.31294,4.535241,116.236)
ellipse(5246.68,4167.4392,7.276612,3.70479,154.52429)
ellipse(5435.08,4274.77,3.631464,2.445909,169.76386)
ellipse(5305.5729,4319.8486,4.811084,3.620223,55.730401)
ellipse(3630.88,4392.47,6.136634,1.105316,18.887842)
ellipse(4800.08,4501.07,4.211103,0.993284,32.268327)
ellipse(4651.0133,4621.3367,5.291503,3.741657,180)
ellipse(4530.38,4650.32,7.347154,5.563887,154.10692)
ellipse(2872.18,5747.42,4.453642,3.332053,82.534291)
ellipse(4672.68,3340.67,2.44949,0,180)
ellipse(3221.68,3575.67,0,0,90)
ellipse(3890.3467,3690.3367,4.42086,1.567162,34.721977)
ellipse(5032.3943,3717.9557,6.226933,2.457973,40.480259)
ellipse(3457.8467,3771.5033,6.437645,3.8803,148.5253)
ellipse(5329.43,4103.17,8.235108,1.90276,149.4054)
ellipse(5388.93,4217.17,5.490563,4.06709,104.87244)
ellipse(3587.8467,4302.17,4.763657,3.287487,11.124512)
ellipse(5012.43,4397.67,6.786159,4.487265,152.9375)
ellipse(4887.68,4505.17,1.5,0,90)
ellipse(2192.48,4699.07,4.630215,3.815902,48.004503)
ellipse(4826.18,4712.42,4.584545,2.327971,12.820503)
ellipse(4077.43,4821.17,6.891926,1.199524,94.213485)
ellipse(5330.43,4243.67,4.185735,1.472114,120.77854)
ellipse(3794.68,4512.67,0,0,90)
ellipse(2529.18,4750.17,4.743416,0,108.43495)
