# Region file format: DS9 version 4.1
global color=green dashlist=8 3 width=1 font="helvetica 10 normal roman" select=1 highlite=1 dash=0 fixed=0 edit=1 move=1 delete=1 include=1 source=1
physical
ellipse(4445,2474.42,1.5,0,90)
ellipse(5055,2530.92,0,0,90)
ellipse(3896.3333,2675.2533,2,4.3e-05,45)
ellipse(4614.6667,2782.92,1.414214,0,180)
ellipse(2458,3385.6978,6.128259,2.828427,90)
ellipse(2923.7389,3556.8263,10.70815,9.387111,68.874694)
ellipse(4309.3548,3697.8555,8.909058,5.156264,104.57865)
ellipse(4459.2,3752.52,3.082958,1.138143,97.627559)
ellipse(3623.7031,3763.2325,10.306474,6.372165,78.796105)
ellipse(4086.6727,3871.3564,2.812401,2.403404,104.4264)
ellipse(4621.6522,3910.8983,6.965225,4.874639,128.94437)
ellipse(3520.7105,4039.1872,9.26006,6.691457,57.312908)
ellipse(4631.5789,4065.5516,4.797811,4.268076,141.29666)
ellipse(4627.9412,4069.1553,5.924303,4.096949,18.142634)
ellipse(3954.6667,4148.0867,2.815154,1.151045,71.348026)
ellipse(4263.1818,4182.0715,4.729909,2.030721,155.9396)
ellipse(3681.4706,4198.6847,7.303497,3.604318,37.713748)
ellipse(4018.0714,4204.9914,3.71193,2.826107,166.31115)
ellipse(4104.2,4319.92,1.2,0,0)
ellipse(4688.0892,4391.6864,10.402206,6.480762,151.15769)
ellipse(4314,4573.17,6.900573,4.612946,179.21046)
ellipse(4136.752,4678.0184,10.137413,5.819544,3.664498)
ellipse(4409.7862,4680.1229,8.576061,6.342219,164.70542)
ellipse(5060.2222,2492.92,5.552984,3.274129,112.05241)
ellipse(4654.8,2644.12,4.628886,2.579422,111.51253)
ellipse(3829.6296,2853.2533,8.789624,5.462717,10.217785)
ellipse(5243.6667,2895.92,2.44949,1.414214,90)
ellipse(3979.6667,2987.539,7.774698,5.260848,4.009542)
ellipse(3092.6111,3161.5867,2.333711,1.921635,155.25142)
ellipse(3672,3401.3367,6.606227,6.288503,169.2616)
ellipse(2916.2628,3544.9777,4.338719,3.831153,66.08666)
ellipse(4860.1538,3562.0738,5.373916,3.690267,1.800639)
ellipse(4056.75,3692.17,5.353081,3.495643,107.38892)
ellipse(4048.5455,3724.3745,6.510696,2.809241,110.31405)
ellipse(3756.1429,3908.2057,5.252669,2.491061,87.536445)
ellipse(3295.2381,3926.2057,4.620913,2.293339,40.770544)
ellipse(4731.037,3953.7348,6.985348,4.921103,18.498265)
ellipse(3270.2593,3984.4015,7.044852,6.138298,12.594261)
ellipse(3535.6364,3986.1927,5.888898,5.452898,79.41937)
ellipse(3274.7143,3991.0629,7.264294,4.798536,159.08529)
ellipse(3595.25,4010.9825,7.846952,4.771288,22.922072)
ellipse(3328.2951,4217.543,9.805397,8.303913,72.144068)
ellipse(4631.75,4221.82,6.344183,4.030985,138.20272)
ellipse(3546.4375,4241.8575,6.060315,4.473787,38.186503)
ellipse(4767.9444,4279.9756,4.179383,2.545035,137.61033)
ellipse(4472.6667,4310.1422,3.021507,2.534966,139.73116)
ellipse(4362,4513.4028,8.086148,4.47593,176.06688)
ellipse(4556.25,4541.6075,6.298112,4.102424,105.98867)
ellipse(4930.6889,4669.6311,6.617902,4.42506,147.29943)
ellipse(4494.7391,4676.9635,9.534942,6.162559,152.98932)
ellipse(4615.5417,4808.1283,4.364717,2.813893,138.87172)
ellipse(4064.6154,2982.3815,6.934859,3.976563,85.921581)
ellipse(3864.5714,3400.2057,6.361454,4.488223,86.887085)
ellipse(5109.3333,3428.2533,4.748053,2.335807,55.278023)
ellipse(4983.5,3515.7533,6.500712,3.90394,115.5045)
ellipse(3491.8333,3987.7533,4.548894,2.967755,52.310437)
ellipse(3387,4265.92,0,0,90)
ellipse(4506.875,4274.6075,8.350911,2.924936,155.83454)
ellipse(4826.8333,4565.0867,5.003651,2.112695,57.971148)
ellipse(4436.0556,4577.9756,8.152316,3.934996,98.002718)
ellipse(5261.5,4604.0867,8.67741,3.271476,133.44699)
ellipse(4755,4764.67,3.104327,1.025015,15.803751)
ellipse(4818.0909,4988.6473,5.710625,2.748464,59.956823)
ellipse(4789.25,4994.3367,5.544185,3.890631,116.24369)
ellipse(4221.1667,2474.7533,4.364807,2.109137,154.02352)
ellipse(4490.5,2911.17,2.643623,1.203644,168.01875)
ellipse(4715,3026.92,0,0,90)
ellipse(2345.6,3126.12,3.505876,1.452182,85.934949)
ellipse(5005.5,3219.42,2.12132,0,45)
ellipse(5541.9,3262.52,7.212334,3.968908,64.629697)
ellipse(5563.6667,3484.0867,2.762282,2.149372,110.81677)
ellipse(3564.25,3579.67,4.418302,2.520636,144.99155)
ellipse(2906.2857,3797.0629,7.855599,0.609259,36.108056)
ellipse(2890.6667,3966.5867,4.42086,1.567162,55.278023)
ellipse(3060.5,4066.92,1.5,0,180)
ellipse(4916.8182,4268.1927,7.73675,3.907257,145.457)
ellipse(4967.8,4516.72,5.161976,2.243658,179.04542)
