# Region file format: DS9 version 4.1
global color=green dashlist=8 3 width=1 font="helvetica 10 normal roman" select=1 highlite=1 dash=0 fixed=0 edit=1 move=1 delete=1 include=1 source=1
physical
ellipse(5637.8557,3430.2857,3.995805,1.770757,123.18531)
ellipse(5928.57,3472.2,3.539809,1.819272,25.670096)
ellipse(3584.6045,3646.1034,2.691006,2.108216,122.79617)
ellipse(3579.8557,3648.7778,4.407112,3.581452,137.46525)
ellipse(3781.6233,3693.6133,8.512376,6.856256,144.3496)
ellipse(3439.4589,3715.8333,2.763052,2.122364,29.212905)
ellipse(3989.5274,3731.5106,6.193682,2.946099,154.64802)
ellipse(4000.87,3746,5.061724,1.808025,173.00985)
ellipse(3952.9986,3757.0714,5.208574,2.795467,114.76584)
ellipse(3986.6811,3806.9444,6.432185,3.314832,144.02699)
ellipse(4008.9465,3821.8941,3.698244,2.409428,157.14096)
ellipse(4251.2465,3839.3529,5.641511,5.516678,22.839682)
ellipse(3987.32,3841.0417,5.442925,3.990169,88.038644)
ellipse(3877.1638,3896.875,7.440789,5.096806,145.72729)
ellipse(4337.2518,3896.7727,4.646738,2.007933,179.21117)
ellipse(4251.9367,3922.8333,8.209319,4.974644,11.526966)
ellipse(3898.1854,3976.9231,3.349117,1.621594,149.87244)
ellipse(3897.0269,3992.7727,2.93951,2.31357,126.87688)
ellipse(3919.17,3993.82,4.985211,3.480815,104.91663)
ellipse(3988.2016,4005.9474,3.852804,2.755645,14.163721)
ellipse(3851.745,4013.575,3.729596,1.881187,136.24343)
ellipse(4357.9367,4031.7667,5.015534,3.967924,140.14153)
ellipse(3948.51,4041.9733,5.829528,4.861873,93.076278)
ellipse(3894.9363,4046.6134,4.311148,2.777196,116.97599)
ellipse(3883.0112,4071.8235,4.982264,2.274741,121.99161)
ellipse(4504.57,4075.3333,1.414214,0,90)
ellipse(3824.4564,4077.0455,5.221281,2.753305,141.76866)
ellipse(3874.1085,4081.8077,6.392317,3.92279,56.848982)
ellipse(4260.3892,4088.3878,2.942968,2.769756,43.284814)
ellipse(3875.29,4091.6,5.685969,3.458925,12.775216)
ellipse(4165.4033,4102.4667,7.41677,3.111515,47.144577)
ellipse(3796.0041,4104.8372,3.595345,1.829818,114.54917)
ellipse(3857.5944,4106.2439,6.874285,4.714641,100.39996)
ellipse(3826.2502,4119.9188,3.294289,2.027813,125.94772)
ellipse(3792.7986,4121.6,8.233056,3.620301,127.61215)
ellipse(3979.6248,4136.8539,3.817825,2.499226,28.898249)
ellipse(4336.07,4136.625,3.213376,1.741721,25.238684)
ellipse(3844.1787,4144.1739,4.243455,3.354974,101.73201)
ellipse(3864.6226,4169.2105,5.550878,3.835532,126.25948)
ellipse(3830.0367,4178.6,5.502849,3.36432,121.98773)
ellipse(3783.5183,4192.8966,6.275808,5.378185,110.72185)
ellipse(4052.2879,4198.1074,2.520646,2.364537,96.67296)
ellipse(3520.7367,4209.3611,5.987936,3.531432,115.32597)
ellipse(4002.8008,4230.3385,3.423436,2.452742,87.321422)
ellipse(3766.1944,4237.3427,3.932186,2.379475,114.52236)
ellipse(4485.3777,4267.9615,6.56628,3.452886,38.236915)
ellipse(3772.5518,4295.6182,5.286701,4.303205,130.00439)
ellipse(3177.57,4296.6667,2.757816,0.628052,28.154966)
ellipse(3882.7906,4311.0441,5.477118,3.779025,106.68564)
ellipse(3760.8603,4321.6774,7.462037,5.424882,108.41042)
ellipse(3720.8353,4421.0816,5.964924,4.099738,91.155822)
ellipse(3989.5274,4435.1064,5.447537,3.137592,85.996543)
ellipse(3807.756,4445.9302,8.345485,7.065959,165.07844)
ellipse(4262.2447,4447.1205,5.524072,4.081006,72.448688)
ellipse(3797.7402,4461.8085,5.733993,3.718659,108.8859)
ellipse(4114.2367,4460.0667,5.659675,1.711163,95.546862)
ellipse(3653.2993,4491.6354,7.069714,4.805891,104.35551)
ellipse(3873.0994,4548.0588,2.633189,1.049247,41.62721)
ellipse(3390.57,4561.1,3.967225,2.91052,138.91454)
ellipse(4032.3779,4589.1059,7.128406,4.412547,83.12349)
ellipse(5098.9033,5007.6667,2,0,90)
ellipse(3777.2049,5091.0952,6.538546,5.815788,72.202407)
ellipse(5294.57,5501.75,2.783299,1.714861,55.278023)
ellipse(4305.07,5606.25,1.768721,0.899515,37.981878)
ellipse(3687.32,5754,3.149947,0.874832,39.690172)
ellipse(4959.5152,3571.9041,5.876786,5.136245,31.781148)
ellipse(4539.57,3586.5714,4.225063,3.172887,99.645023)
ellipse(4467.5174,3616.1053,5.274308,4.130014,16.255957)
ellipse(5429.9336,3678.9091,2.713602,1.909091,98.130102)
ellipse(3995.57,3769.6429,5.374582,3.784581,74.006883)
ellipse(3530.6764,4208.0213,6.607068,4.702453,129.22814)
ellipse(3766.4589,4258.6667,2.548182,1.547791,110.30065)
ellipse(4487.82,4440.125,8.796492,2.273456,53.31756)
ellipse(2833.9986,4470.8571,5.358948,3.966189,14.369898)
ellipse(3740.5112,4550.3529,8.122776,4.128526,30.412491)
ellipse(4992.1533,4838,5.642199,3.058281,30.078167)
ellipse(4723.4033,5015.5,4.853904,2.634315,82.145681)
ellipse(3937.9336,5077,5.63131,4.023577,173.91427)
ellipse(4441.3392,5133.9615,5.85325,4.347494,89.006543)
ellipse(4372.4818,5208.1471,5.442784,4.689749,63.727264)
ellipse(3867.7328,5247,8.392662,5.039294,105.06137)
ellipse(3515.7367,5719.4167,5.956577,3.994582,55.406825)
ellipse(3565.1414,5766.4286,7.558779,1.128286,113.16611)
ellipse(4994.4791,3583.7273,5.483163,2.612947,52.418454)
ellipse(4700.07,3733.8333,4.062019,2.828427,30.963757)
ellipse(5312.2064,3806.4545,6.92217,3.912378,48.011343)
ellipse(3385.32,3836.0625,10.13373,4.706099,165.02209)
ellipse(4999.7575,3972.4375,9.552131,3.980293,173.39657)
ellipse(2969.57,4087.8,5.453333,0.707929,71.000634)
ellipse(5025.7129,4098.7143,5.367126,4.224574,109.77983)
ellipse(3236.4033,4127.8333,7.943309,2.898938,56.289786)
ellipse(3335.3882,4164.0909,7.535125,6.077903,150.8319)
ellipse(4837.9033,4217,6.138529,0.564321,52.762056)
ellipse(3061.945,4235.25,5.823642,3.554162,6.880393)
ellipse(4779.7367,4398.5,4.994428,1.598654,30.286272)
ellipse(3271.37,4554,2.501731,1.543159,34.099295)
ellipse(4909.4271,4990.4286,5.540341,2.457501,30.762898)
ellipse(3347.9033,5047.1667,7.178314,1.649791,10.192148)
ellipse(4023.87,5070.5,4.964124,4.370066,152.87694)
ellipse(4951.17,5257.8,4.986461,1.983734,13.282526)
ellipse(5239.57,5344,9.220436,3.4506,63.651974)
ellipse(6080.67,3680.5,5.385445,2.54106,158.63238)
ellipse(3073.3392,3772.7692,6.946148,4.774144,127.10962)
ellipse(2739.32,3776.25,2.598076,2.371708,45)
ellipse(2306.07,3838.5,6.83805,3.426525,113.36785)
ellipse(6402.57,4276,0,0,90)
ellipse(2802.57,4284,0,0,90)
ellipse(5666.57,4380,3,0,180)
ellipse(5601.7922,4399.3333,6.099415,3.51464,77.290356)
ellipse(2889.82,4479.25,5.456564,2.25852,167.88613)
ellipse(3374.2367,4629.3333,3.162278,3.6e-05,26.565051)
ellipse(5140.9033,4849,9.106509,3.615453,56.814689)
ellipse(4743.32,5272.5,3.788858,2.753553,47.381821)
ellipse(3695.57,5420,2.598076,1.5,45)
ellipse(3751.07,5598.6667,6.076045,1.825289,39.637776)
ellipse(3512.1085,5653.1538,7.660329,4.8632,143.94202)
ellipse(4020.57,5878.5,3.454163,1.954163,106.84503)
