# Region file format: DS9 version 4.1
global color=green dashlist=8 3 width=1 font="helvetica 10 normal roman" select=1 highlite=1 dash=0 fixed=0 edit=1 move=1 delete=1 include=1 source=1
physical
ellipse(4431.34,1917.55,1.5,0,90)
ellipse(4923.34,1970.05,3,0,90)
ellipse(4459.84,2040.05,1.5,0,180)
ellipse(4489.0067,2053.3833,2,1.7e-05,90)
ellipse(5218.34,2116.05,3,0,90)
ellipse(4744.34,2179.55,3.354102,0,26.565051)
ellipse(4815.34,2178.55,3.354102,0,153.43495)
ellipse(4182.34,2229.55,3.354102,0,26.565051)
ellipse(4968.84,2256.55,2.12132,0,45)
ellipse(4567.84,2324.55,2.12132,0,45)
ellipse(4857.84,2326.05,3.354102,0,63.434949)
ellipse(5030.34,2356.05,3,0,90)
ellipse(5181.34,2357.05,3,0,180)
ellipse(4945.34,2381.05,3,0,90)
ellipse(4672.84,2389.55,2.12132,0,45)
ellipse(4785.34,2398.05,3,0,90)
ellipse(4331.34,2419.55,3.354102,0,26.565051)
ellipse(5101.84,2423.55,2.12132,0,45)
ellipse(4645.34,2426.05,3,0,180)
ellipse(5125.84,2429.55,2.12132,0,45)
ellipse(4635.34,2436.05,0,0,90)
ellipse(4958.84,2439.55,2.12132,0,45)
ellipse(4456.84,2449.55,2.12132,0,45)
ellipse(4640.34,2494.05,0,0,90)
ellipse(4442.34,2548.05,3,0,90)
ellipse(4209.34,2555.05,0,0,90)
ellipse(4565.34,2566.05,0,0,90)
ellipse(4706.6733,2594.05,2.828427,0,180)
ellipse(4965.34,2620.05,0,0,90)
ellipse(4485.34,2658.05,3,0,90)
ellipse(4319.84,2675.55,2.12132,0,45)
ellipse(5025.84,2695.55,2.12132,0,45)
ellipse(4078.84,2700.55,2.12132,0,45)
ellipse(5074.84,2771.05,1.5,0,180)
ellipse(4355.34,2780.55,3.354102,0,153.43495)
ellipse(4654.34,2789.05,0,0,90)
ellipse(4666.34,2790.55,3.354102,0,153.43495)
ellipse(4581.84,2793.05,1.5,0,180)
ellipse(4740.84,2827.05,3.354102,0,116.56505)
ellipse(4954.34,2827.05,0,0,90)
ellipse(4948.34,2848.55,1.5,0,90)
ellipse(4521.6733,2860.3833,3.464102,2,45)
ellipse(4562.84,2895.55,2.12132,0,45)
ellipse(4093.34,2984.05,0,0,90)
ellipse(4705.34,3159.05,3,0,90)
ellipse(4872.34,3349.55,3.354102,0,26.565051)
ellipse(3850.34,3376.05,0,0,90)
ellipse(4290.34,3428.55,1.5,0,90)
ellipse(3848.34,3641.55,1.5,0,90)
ellipse(3847.1733,3667.2167,5.629352,1.952024,118.725)
ellipse(4585.34,3741.05,3,0,90)
ellipse(4195.9737,3764.1391,4.145297,2.749005,145.08442)
ellipse(4203.34,3814.8,4.422452,0.359753,146.05472)
ellipse(4327.34,3822.7167,1.414214,0,90)
ellipse(3729.84,3857.05,3.354102,0,63.434949)
ellipse(4092.84,3919.55,2.12132,0,45)
ellipse(4329.34,3950.05,3,0,90)
ellipse(5436.34,3970.05,0,0,90)
ellipse(4019.34,3972.05,0,0,90)
ellipse(3771.84,3978.05,3.354102,0,116.56505)
ellipse(4135.34,4051.55,1.5,0,90)
ellipse(5373.84,4053.55,2.12132,0,45)
ellipse(4063.5315,4084.9011,2.687745,2.029462,170.42593)
ellipse(5584.34,4148.05,0,0,90)
ellipse(4022.4222,4156.9923,2.838816,2.666954,154.62021)
ellipse(4038.8585,4162.1981,5.604829,3.554613,170.60385)
ellipse(4062.84,4166.05,1.5,0,180)
ellipse(5945.34,4185.05,3,1.732051,45)
ellipse(5206.34,4186.05,0,0,90)
ellipse(4093.84,4200.05,3.354102,0,63.434949)
ellipse(4395.34,4209.55,1.5,0,90)
ellipse(4071.34,4227.55,3.354102,0,153.43495)
ellipse(5640.34,4240.55,1.5,0,90)
ellipse(4412.6733,4264.7167,4.582576,2.645751,45)
ellipse(3765.6257,4332.05,4.81873,1.326435,86.559138)
ellipse(5173.84,4357.05,1.5,0,180)
ellipse(3547.34,4385.55,1.5,0,90)
ellipse(4003.84,4397.55,3.432368,1.311048,76.717474)
ellipse(5770.34,4398.05,0,0,90)
ellipse(3906.84,4436.05,1.5,0,180)
ellipse(3491.34,4453.05,3,0,180)
ellipse(5173.84,4477.05,1.5,0,180)
ellipse(4239.84,4498.05,1.5,0,180)
ellipse(4335.34,4514.05,3,0,180)
ellipse(4397.59,4535.6125,9.833539,2.907552,29.868495)
ellipse(3747.34,4562.55,1.5,0,90)
ellipse(3996.34,4570.55,3.203669,0.99323,52.018122)
ellipse(3957.84,4576.05,3.354102,0,63.434949)
ellipse(3922.84,4603.05,1.5,0,180)
ellipse(3717.34,4647.05,3,0,90)
ellipse(4893.84,4695.55,2.12132,0,45)
ellipse(3806.84,4705.05,1.5,0,180)
ellipse(5478.6733,4709.7167,1.732051,1,45)
ellipse(3584.34,4721.05,0,0,90)
ellipse(3485.84,4723.05,3.354102,0,63.434949)
ellipse(4344.34,4803.05,0,0,90)
ellipse(4371.84,4822.55,2.12132,0,45)
ellipse(4294.84,4892.05,3.354102,0,63.434949)
ellipse(3336.34,5023.7167,2.757816,0.628052,151.84503)
ellipse(3396.34,5082.3833,2.757816,0.628052,28.154966)
ellipse(5507.84,5120.05,1.5,0,180)
ellipse(5102.84,5140.05,3.354102,0,116.56505)
ellipse(3606.34,5151.05,0,0,90)
ellipse(4832.34,5188.05,4.158124,2.076056,151.84503)
ellipse(3650.0067,5266.3833,2,4.3e-05,90)
ellipse(5504.0067,5287.7167,3.752701,1.384643,175.26884)
ellipse(4655.0067,5293.05,4.700959,3.44978,140.65497)
ellipse(5522.34,5294.3833,4.148627,1.669999,61.845034)
ellipse(4635.1761,5298.427,4.35247,3.649866,70.924155)
ellipse(4631.6878,5302.9196,2.468196,2.003464,64.842727)
ellipse(5466.84,5326.05,3.354102,0,116.56505)
ellipse(5238.84,5367.55,2.12132,0,45)
ellipse(4968.84,5399.05,1.5,0,180)
ellipse(5469.34,5410.05,3,0,90)
ellipse(3793.84,5489.05,3.354102,0,116.56505)
ellipse(3467.34,5581.05,0,0,90)
ellipse(3923.34,5665.55,3.354102,0,153.43495)
ellipse(4628.34,1862.05,0,0,90)
ellipse(4902.34,2049.3833,5.09902,0,90)
ellipse(3681.34,4412.8,2.783299,1.714861,124.72198)
ellipse(4081.8956,3114.05,5.120764,4.898979,180)
ellipse(4461.34,3219.55,4.923109,2.238972,145.27802)
ellipse(4041.84,3439.55,4.5,3.354102,180)
ellipse(3747.34,4379.05,0,0,90)
ellipse(4254.34,5114.05,0,0,90)
ellipse(4677.6733,2627.7167,2.933522,1.180868,106.84503)
ellipse(4206.59,4799.55,4.743416,2.904738,153.43495)
