# Region file format: DS9 version 4.1
global color=green dashlist=8 3 width=1 font="helvetica 10 normal roman" select=1 highlite=1 dash=0 fixed=0 edit=1 move=1 delete=1 include=1 source=1
physical
ellipse(5258.06,2228.73,2.12132,0,45)
ellipse(5201.56,2882.23,0,0,90)
ellipse(4278.9822,3690.7633,5.348667,5.121261,4.186055)
ellipse(4260.26,3770.53,5.302559,2.502573,137.36223)
ellipse(3896.7958,3883.9092,4.154774,2.808336,111.02654)
ellipse(3706.76,3889.03,3.955643,3.260811,145.51875)
ellipse(4040.5325,3891.7617,3.260789,2.765947,121.27549)
ellipse(4003.1156,3907.7856,5.522545,3.45629,125.5655)
ellipse(4213.7134,3970.9233,2.601117,2.317746,152.53251)
ellipse(4110.5308,3976.0838,2.679303,2.490024,58.588822)
ellipse(3937.46,3978.93,2.978948,2.53493,143.55136)
ellipse(4091.0234,3979.2544,4.755624,3.572531,88.037046)
ellipse(3867.1964,3979.9118,6.150144,2.510332,110.76625)
ellipse(4037.56,3993.6093,2.882779,1.580552,143.01617)
ellipse(4058.1964,4042.1391,3.961936,1.868996,130.44107)
ellipse(4130.4663,4046.48,4.594812,2.228195,82.168666)
ellipse(4329.4973,4062.9969,3.240211,2.61561,179.35436)
ellipse(4085.0287,4118.8237,5.980881,4.698794,14.895249)
ellipse(4291.6521,4136.8616,5.268516,3.29434,23.136764)
ellipse(4051.56,4145.23,0,0,90)
ellipse(4047.8414,4149.5007,2.935363,2.77764,73.404834)
ellipse(4042.7365,4160.681,5.017194,3.647639,67.299173)
ellipse(4010.1389,4162.2826,4.664454,3.346837,102.13238)
ellipse(4118.9446,4166.1531,5.205234,2.179839,2.461209)
ellipse(4168.76,4167.53,2.488444,1.592999,116.00063)
ellipse(4066.9094,4173.5794,6.5921,6.238999,46.3718)
ellipse(3954.1055,4176.3891,4.630398,4.384304,121.34161)
ellipse(4297.6181,4187.7416,5.765938,3.91571,118.98576)
ellipse(4048.1024,4205.7215,7.22076,4.125747,62.508451)
ellipse(4092.5387,4216.8257,3.929076,3.380519,131.79133)
ellipse(4146.08,4223.95,6.35979,3.442945,46.732369)
ellipse(4059.71,4248.5633,9.457654,7.35529,115.28245)
ellipse(4039.6302,4257.7914,2.535227,1.734223,79.857774)
ellipse(4341.06,4280.9573,3.809864,1.615849,21.708823)
ellipse(4423.603,4281.4128,6.043768,3.411651,31.352137)
ellipse(4234.7029,4290.9443,4.639673,4.172794,63.264428)
ellipse(4010.6433,4303.8133,4.008572,2.793984,50.229955)
ellipse(4365.2029,4302.9443,3.485438,2.14754,54.051882)
ellipse(4029.8933,4343.23,3.26734,1.457562,50.392149)
ellipse(4257.8625,4410.146,5.134437,2.827372,42.644191)
ellipse(4082.1086,4413.2986,3.873622,2.386584,54.652193)
ellipse(4099.6457,4418.3443,3.472719,1.634269,47.986902)
ellipse(4187.587,4433.1759,5.514729,2.457923,43.832765)
ellipse(4044.06,4526.23,1.5,0,180)
ellipse(4070.3415,4537.8194,5.732038,3.117654,54.529373)
ellipse(5030.8933,5004.23,1.414214,0,180)
ellipse(5324.7267,2313.8967,7.386321,4.206218,33.630291)
ellipse(5501.3933,2753.23,7.081188,2.847241,46.192972)
ellipse(3945.56,3370.23,0,0,90)
ellipse(3920.56,3452.23,0,0,90)
ellipse(4342.3531,3562.8507,8.506901,4.995247,65.459146)
ellipse(4227.2267,3729.6744,6.469022,4.046477,123.171)
ellipse(4074.16,3767.03,5.528668,4.029123,129.20391)
ellipse(5308.56,3907.23,0,0,90)
ellipse(4713.2267,4023.6744,7.70211,3.860016,141.35767)
ellipse(4352.36,4153.53,5.252503,3.152969,68.8435)
ellipse(3916.4296,4185.7952,7.324289,3.13818,122.00613)
ellipse(3493.16,4195.43,8.804023,4.635641,107.33011)
ellipse(3869.7418,4205.0027,6.419903,4.970338,49.699336)
ellipse(4075.56,4238.23,2.382313,1.427889,22.5)
ellipse(5166.56,4282.23,0,0,90)
ellipse(3538.56,4403.43,2.501731,1.543159,124.09929)
ellipse(4217.36,4529.43,3.106717,2.007065,64.902786)
ellipse(4232.31,4659.53,5.9908,3.561996,179.44434)
ellipse(4097.7705,4736.0721,5.362824,2.662807,40.832402)
ellipse(4283.2743,4755.5633,5.357981,4.033811,37.388933)
ellipse(5386.2267,5054.8967,3.97621,0.435603,19.902786)
ellipse(4167.2267,3267.23,5.515633,1.256103,61.845034)
ellipse(5018.81,3380.98,3.488117,0.456117,110.59296)
ellipse(4823.06,3492.93,6.73224,4.051783,142.58062)
ellipse(4107.06,3629.98,5.509425,0.76403,11.101739)
ellipse(3966.9886,3805.6586,3.661716,3.40168,45)
ellipse(3888.48,3986.95,8.397794,5.399431,113.89669)
ellipse(3924.8933,3995.3967,4.267233,3.006779,102.93318)
ellipse(3868.7705,3996.1247,4.270534,3.670756,105.43045)
ellipse(3815.1314,4007.9443,3.534538,1.354093,44.012533)
ellipse(3778.4975,4011.23,5.941153,4.871349,68.546876)
ellipse(3966.1482,4022.6418,4.274971,3.062451,22.216367)
ellipse(3987.7365,4025.8182,8.558443,5.053223,165.19482)
ellipse(5507.76,4059.43,6.136634,1.105316,108.88784)
ellipse(3949.36,4128.83,5.148673,2.427173,102.38757)
ellipse(4337.9446,4221.1531,5.620507,4.107486,9.28303)
ellipse(4099.8232,4226.5458,4.033108,3.332867,98.429199)
ellipse(4168.01,4236.13,7.398552,4.404421,54.996228)
ellipse(4123.1568,4268.9558,9.474478,7.647314,109.51407)
ellipse(4142.9718,4300.9653,7.553778,5.712862,108.13723)
ellipse(4201.1754,4333.3069,5.371149,4.269389,131.54439)
ellipse(4222.2873,4349.1391,4.738095,3.087706,163.61256)
ellipse(4911.96,4777.23,5.486655,4.342421,109.90279)
ellipse(3857.8933,4840.5633,3.821721,2.719274,73.154966)
ellipse(3847.179,5137.5157,11.536164,4.929978,155.52218)
ellipse(4881.9886,5247.3014,6.343093,4.070159,26.164874)
ellipse(4422.56,2711.73,1.5,0,90)
ellipse(5344.56,2844.23,6.600181,2.727198,137.38182)
ellipse(5138.06,3012.23,1.5,0,180)
ellipse(4557.2267,3153.5633,3.752701,1.384643,85.268839)
ellipse(4726.31,3427.23,3.379225,1.94122,161.98631)
ellipse(3862.7743,4073.1586,7.469515,6.338433,7.671883)
ellipse(4016.8232,4095.1247,6.540812,3.165612,43.385899)
ellipse(4176.1314,4317.23,4.599961,3.05453,77.115336)
ellipse(4984.36,4978.83,3.701677,2.810265,149.87244)
ellipse(3078.56,5239.23,0,0,90)
ellipse(2977.56,5239.23,4.776678,1.087817,28.154966)
ellipse(3198.56,5628.23,0,0,90)
