# Region file format: DS9 version 4.1
global color=green dashlist=8 3 width=1 font="helvetica 10 normal roman" select=1 highlite=1 dash=0 fixed=0 edit=1 move=1 delete=1 include=1 source=1
physical
ellipse(3476.0274,3259.4181,5.578439,3.601095,88.370814)
ellipse(4266.8071,3306.6629,6.50306,4.334415,134.29469)
ellipse(4568.613,3373.1644,2.180737,1.946175,42.071993)
ellipse(4565.61,3376.52,2.469974,1.698478,125.05228)
ellipse(4945.1988,3466.6041,10.765652,7.942322,157.97704)
ellipse(4020.65,3516.6367,5.440054,5.229084,135.79557)
ellipse(3432.4962,3588.4807,6.993708,5.028187,106.42365)
ellipse(5162.5288,3669.9018,7.540836,4.303977,171.61844)
ellipse(3364.946,3752.0557,13.537106,8.128119,96.220855)
ellipse(4624.2849,3755.3232,8.755232,4.294581,145.91521)
ellipse(3976.1035,3766.8683,3.819223,3.149617,115.92364)
ellipse(4482.6117,3827.6029,6.408784,3.919843,156.48483)
ellipse(4152.4051,3830.271,4.077695,2.799055,95.281319)
ellipse(4645.7452,3833.0771,9.189909,5.341373,174.38143)
ellipse(4145.6955,3840.4927,3.450307,3.070845,116.8808)
ellipse(4258.0731,3843.8738,3.603579,2.895266,84.328784)
ellipse(4497.2446,3851.3686,4.839861,3.310363,139.76593)
ellipse(5067.471,3856.8816,8.918271,6.79246,160.45842)
ellipse(4391.0579,3865.9042,3.977926,2.756263,167.47221)
ellipse(4609.4338,3872.3686,5.762424,4.333152,168.79147)
ellipse(4678.2176,3881.2065,9.406278,5.186339,160.33765)
ellipse(4620.7624,3893.9335,7.73669,6.116073,176.08176)
ellipse(4122.3559,3908.9357,3.030815,2.419137,38.948468)
ellipse(4335.6893,3912.9242,3.632827,2.937811,145.00686)
ellipse(4589.4761,3914.3287,4.372036,2.160971,43.582277)
ellipse(4710.2687,3914.294,9.197793,6.440149,165.41783)
ellipse(4222.7974,3917.9884,3.290283,2.487574,160.72012)
ellipse(4577.246,3917.4069,8.508862,4.292945,157.55101)
ellipse(4549.2971,3924.4259,4.710291,3.213295,178.04293)
ellipse(4578.4192,3924.6815,7.505703,3.047492,178.21537)
ellipse(4518.3466,3937.984,7.26528,4.696561,167.98412)
ellipse(4570.5944,3943.1089,3.691997,2.824937,131.61217)
ellipse(4560.5797,3950.7044,5.974793,4.130357,152.28366)
ellipse(4881.3018,3951.1575,5.728571,4.113771,170.88477)
ellipse(4478.0711,3955.7726,5.332931,3.042226,169.25138)
ellipse(4513.5264,3964.3065,5.228939,3.293162,164.85202)
ellipse(4589.0071,3966.8271,5.384157,3.626628,172.86604)
ellipse(4089.4215,4033.6467,2.805304,2.577131,53.783745)
ellipse(4564.8,4109.02,4.675147,2.14021,178.65636)
ellipse(3736.525,4131.4388,3.934101,2.949841,14.595881)
ellipse(4130.9287,4160.4249,2.901324,2.602266,100.41599)
ellipse(3959.4682,4169.9018,5.349711,1.874253,114.66253)
ellipse(4056.3868,4170.7726,3.436541,1.643132,165.24425)
ellipse(3916.2333,4177.47,2.718048,1.57709,137.92801)
ellipse(4466.009,4182.8995,3.596995,3.350717,102.0416)
ellipse(4320.1237,4221.5621,3.183019,1.931292,35.923647)
ellipse(4329.7333,4223.72,2.483937,1.875515,162.78051)
ellipse(3850.6287,4234.7626,3.33018,2.435587,89.909486)
ellipse(4672.1917,4242.2408,8.254689,5.752442,163.26654)
ellipse(3740.4,4255.22,1.768721,0.899515,127.98188)
ellipse(4390.6793,4260.832,4.175455,2.888068,17.890531)
ellipse(3993.7681,4274.0035,2.782343,2.536428,160.72163)
ellipse(4227.1736,4311.5001,2.813532,2.679891,31.898297)
ellipse(3885.15,4333.8867,3.24037,2.828427,108.43495)
ellipse(4786.9357,4405.0533,5.363821,3.918147,162.45402)
ellipse(3771.8167,4414.5533,3.202646,1.114926,125.27998)
ellipse(4047.1083,4434.3867,2.998441,2.548279,177.12687)
ellipse(4150.3167,4480.0533,3.860087,2.366375,161.87308)
ellipse(4517.25,4555.72,3.330203,1.367388,25.670096)
ellipse(4143.5471,4560.4406,4.495764,2.604653,40.294781)
ellipse(4482.65,5048.8462,6.793216,5.602541,21.223462)
ellipse(4947.4449,3177.8482,10.447153,4.701021,163.45312)
ellipse(4856.65,3571.8629,4.325758,3.187677,171.24957)
ellipse(4605.0346,3577.72,6.823808,3.512129,176.51489)
ellipse(4662.95,3596.27,7.730823,6.233128,173.40798)
ellipse(5077.8318,3611.5382,4.050619,3.288712,104.30523)
ellipse(4559.9833,3678.0904,7.407759,5.088275,93.523157)
ellipse(4689.2889,3719.97,9.197667,7.325764,167.18924)
ellipse(4628.9227,3850.2655,6.534281,2.962136,0.502543)
ellipse(4537.0346,3872.2585,7.397081,2.243807,170.4912)
ellipse(2767.65,3908.72,0,0,90)
ellipse(5104.8167,3909.2617,7.549398,6.402419,138.61802)
ellipse(4460.65,3913.3867,2.44949,1.414214,180)
ellipse(4542.7611,3946.1644,3,2.472066,11.309932)
ellipse(4817.5912,3948.4847,8.134457,2.819265,130.25876)
ellipse(4605.0029,3988.1318,6.234548,3.607321,10.221486)
ellipse(4996.7643,4303.6629,5.979735,4.71276,152.12944)
ellipse(4876.267,4351.9328,11.068038,5.310046,9.212778)
ellipse(3786.25,4428.72,4.21716,2.444496,161.2157)
ellipse(4639.3167,4527.5533,5.80219,3.403614,119.685)
ellipse(4655.9833,4672.0533,3.752701,1.384643,175.26884)
ellipse(3884.9833,5033.0533,3.752701,1.384643,175.26884)
ellipse(4147.15,3207.97,1.768721,0.899515,142.01812)
ellipse(3865.65,3347.72,4.242641,0,45)
ellipse(4516.15,3412.72,3.354102,0,116.56505)
ellipse(5174.25,3470.12,2.503023,1.28642,19.329904)
ellipse(3213.3167,3482.0533,3.821721,2.719274,163.15497)
ellipse(5019.05,3627.12,4.19186,3.456633,64.902786)
ellipse(4194.3643,3645.72,5.634145,3.715835,162.50399)
ellipse(5065.5071,3678.8629,4.780899,1.577954,131.3734)
ellipse(3577.4,4211.97,6.112223,3.939001,107.25426)
ellipse(2168.0618,4578.1906,6.19328,5.035826,95.385727)
ellipse(2176.7409,4602.2655,4.742174,2.881871,102.07277)
ellipse(4810.65,4618.97,4.295689,1.111107,64.183743)
ellipse(4670.65,3242.22,3.354102,0,26.565051)
