# Region file format: DS9 version 4.1
global color=green dashlist=8 3 width=1 font="helvetica 10 normal roman" select=1 highlite=1 dash=0 fixed=0 edit=1 move=1 delete=1 include=1 source=1
physical
ellipse(2089.56,3018.9,3,0,90)
ellipse(3723.56,3098.9,3,0,90)
ellipse(3154.31,3133.15,5.24634,1.688464,158.42381)
ellipse(1917.56,3145.9,3,0,90)
ellipse(1887.06,3160.4,2.12132,0,45)
ellipse(4132.56,3184.9,3,0,90)
ellipse(2111.06,3211.9,1.5,0,180)
ellipse(4555.56,3242.4,1.5,0,90)
ellipse(2128.06,3268.4,2.12132,0,45)
ellipse(2574.06,3354.4,2.12132,0,45)
ellipse(3730.685,3374.525,4.392908,2.509204,109.42669)
ellipse(5021.56,3476.9,0,0,90)
ellipse(4911.2523,3543.9,7.682292,2.567462,175.44107)
ellipse(5083.06,3546.9,3.354102,0,116.56505)
ellipse(2618.56,3656.9,3,0,90)
ellipse(2510.56,3669.9,3,0,180)
ellipse(4264.56,3671.4,1.5,0,90)
ellipse(2591.2267,3678.9,1.414214,0,180)
ellipse(2458.06,3687.4,2.12132,0,45)
ellipse(4739.4648,3719.8048,5.453566,4.253863,148.10292)
ellipse(3682.96,3739.4,7.842765,4.505668,78.425352)
ellipse(2555.56,3771.9,0,0,90)
ellipse(4020.06,3814.9,3.354102,0,63.434949)
ellipse(3559.06,3818.9,1.5,0,180)
ellipse(5069.2267,3834.9,4.81779,2.964607,151.84503)
ellipse(3900.56,3847.4,3.354102,0,26.565051)
ellipse(4680.76,3888.9,2.501731,1.543159,145.90071)
ellipse(5003.56,3888.9,3,0,90)
ellipse(2585.56,3954.4,3.354102,0,26.565051)
ellipse(1959.56,3986.9,3,0,90)
ellipse(3580.0068,4016.2404,6.260903,4.185037,92.1011)
ellipse(5171.56,4023.4,1.5,0,90)
ellipse(2422.06,4031.4,2.12132,0,45)
ellipse(3904.81,4097.15,2.598076,1.06066,71.565051)
ellipse(4754.06,4155.9,3.354102,0,116.56505)
ellipse(4321.8933,4158.9,2.757816,0.628052,118.15497)
ellipse(2082.06,4163.4,2.12132,0,45)
ellipse(2409.56,4167.9,3,0,90)
ellipse(3384.06,4191.525,5.266637,2.849897,51.42034)
ellipse(2472.06,4215.9,3.354102,0,63.434949)
ellipse(3444.8933,4239.9,2.757816,0.628052,61.845034)
ellipse(4345.06,4260.4,2.12132,0,45)
ellipse(3597.56,4267.9,0,0,90)
ellipse(5114.06,4271.9,1.5,0,180)
ellipse(2760.56,4297.9,0,0,90)
ellipse(4893.56,4297.9,3,0,90)
ellipse(2752.56,4303.4,1.5,0,90)
ellipse(4326.2267,4321.9,2.757816,0.628052,118.15497)
ellipse(5087.06,4343.4,2.12132,0,45)
ellipse(1948.06,4347.9,3.354102,0,63.434949)
ellipse(2285.06,4353.4,2.12132,0,45)
ellipse(4747.5796,4368.1549,9.404602,6.050809,17.382894)
ellipse(2793.56,4392.9,0,0,90)
ellipse(2410.56,4395.9,0,0,90)
ellipse(2307.56,4397.4,1.5,0,90)
ellipse(2353.56,4399.9,0,0,90)
ellipse(3509.56,4424.9,0,0,90)
ellipse(2688.06,4435.4,2.12132,0,45)
ellipse(3449.768,4448.492,12.245564,6.584117,65.506118)
ellipse(5097.06,4479.4,2.12132,0,45)
ellipse(1871.56,4487.9,3,0,90)
ellipse(2684.56,4488.9,3,0,90)
ellipse(2247.06,4525.4,2.12132,0,45)
ellipse(4373.435,4549.275,5.196152,3.787314,18.434949)
ellipse(3798.685,4554.025,5.53625,2.251374,82.676312)
ellipse(4609.56,4575.9,3,0,90)
ellipse(2376.56,4618.9,3,0,90)
ellipse(4035.06,4621.9,1.5,0,180)
ellipse(2261.06,4639.9,3.354102,0,116.56505)
ellipse(2365.06,4644.9,3.354102,0,63.434949)
ellipse(4973.2267,4644.5667,1.732051,1,90)
ellipse(3401.56,4645.4,3.354102,0,153.43495)
ellipse(1801.06,4649.9,3.354102,0,63.434949)
ellipse(4196.56,4654.8286,7.389401,3.8444,29.410487)
ellipse(4469.7267,4657.4556,8.151576,5.101376,13.485012)
ellipse(3597.1267,4670.3367,10.390855,6.749373,49.788312)
ellipse(3230.56,4675.9,0,0,90)
ellipse(4143.56,4690.4,3.354102,0,153.43495)
ellipse(1993.06,4701.9,3.354102,0,116.56505)
ellipse(2677.56,4737.9,3,0,90)
ellipse(4391.06,4737.9,3.354102,0,116.56505)
ellipse(1917.56,4755.4,3.354102,0,153.43495)
ellipse(4056.56,4756.4,3.354102,0,153.43495)
ellipse(5184.56,4755.9,3,0,180)
ellipse(2495.2267,4770.5667,3.97621,0.435603,70.097214)
ellipse(4671.9284,4785.2158,5.840991,4.270527,76.154246)
ellipse(4677.4767,4787.0667,5.596637,2.261672,33.858243)
ellipse(2135.06,4795.9,3.354102,0,116.56505)
ellipse(3136.56,4814.9,0,0,90)
ellipse(5083.56,4816.4,1.5,0,90)
ellipse(2437.06,4818.9,3.354102,0,116.56505)
ellipse(3820.56,4862.2,4.735251,4.155406,112.14634)
ellipse(2310.56,4863.9,0,0,90)
ellipse(2536.06,4864.9,1.5,0,180)
ellipse(2583.56,4902.9,3,0,180)
ellipse(3435.8933,4922.2333,2,4.3e-05,45)
ellipse(4243.8933,4928.2333,3.900141,0.888199,163.15497)
ellipse(3582.8933,4937.2333,2,4.3e-05,45)
ellipse(4394.06,4952.275,4.51536,1.403886,21.107417)
ellipse(4954.06,4990.4,2.12132,0,45)
ellipse(3280.56,4992.4,1.5,0,90)
ellipse(5042.06,4998.9,1.5,0,180)
ellipse(3627.06,5030.4,2.12132,0,45)
ellipse(3301.66,5075.6,5.202366,2.106036,50.967801)
ellipse(3768.81,5076.4,3.858373,1.597015,57.113873)
ellipse(3242.8933,5079.9,3.741657,0,180)
ellipse(3296.6433,5079.9833,7.048262,3.734569,37.082368)
ellipse(3222.56,5082.9,3,0,180)
ellipse(3784.06,5085.65,3.37351,1.24777,173.37974)
ellipse(3300.9767,5086.9,6.378951,3.741188,94.852456)
ellipse(3171.06,4175.15,5.539862,0.497427,53.045408)
ellipse(4990.4171,4647.0429,5.882936,4.361619,175.93495)
ellipse(4464.56,4437.9,0,0,90)
ellipse(3198.96,4945.5,6.893475,3.286335,14.036243)
ellipse(2355.56,4434.9,0,0,90)
