# Region file format: DS9 version 4.1
global color=green dashlist=8 3 width=1 font="helvetica 10 normal roman" select=1 highlite=1 dash=0 fixed=0 edit=1 move=1 delete=1 include=1 source=1
physical
ellipse(4482.4,3052.79,4.5,0,90)
ellipse(4195.126,3277.3311,8.724923,5.895788,18.258092)
ellipse(4626.4,3282.29,0,0,90)
ellipse(4073.4,3289.79,1.5,0,90)
ellipse(4446.4,3300.29,3,0,90)
ellipse(4020.7333,3588.9567,3.752701,1.384643,4.731161)
ellipse(3985.4,3606.29,3,0,180)
ellipse(4902.0667,3648.6233,2.933522,1.180868,163.15497)
ellipse(4763.9,3666.29,3.354102,0,63.434949)
ellipse(4021.2832,3669.752,4.196053,3.038548,22.453861)
ellipse(4037.7333,3674.79,4.648727,3.104729,149.35298)
ellipse(3652.4,3698.29,0,0,90)
ellipse(6072.9,3716.29,3.354102,0,63.434949)
ellipse(4124.4,3784.79,3.354102,0,26.565051)
ellipse(6173.9,3842.79,2.12132,0,45)
ellipse(3764.9,3844.4567,3.24037,2.828427,108.43495)
ellipse(5778.15,3859.79,4.507542,1.272622,93.455614)
ellipse(4800.4,3865.29,3,0,180)
ellipse(4420.4,3868.29,0,0,90)
ellipse(4003.5,3911.49,2.819231,1.817123,119.2326)
ellipse(3759.9,3917.79,2.12132,0,45)
ellipse(3013.4,3926.29,2.44949,0,180)
ellipse(3680.4,3928.29,0,0,90)
ellipse(6472.9,3936.79,2.12132,0,45)
ellipse(3251.5667,3960.1233,4.867487,3.436214,142.31044)
ellipse(4222.4,4039.29,2.44949,0,90)
ellipse(4635.4,4041.29,0,0,90)
ellipse(4396.2889,4049.29,4.758446,3.200949,127.73277)
ellipse(4808.7333,4080.6233,4.630368,0.748127,143.34962)
ellipse(6326.9,4086.29,3.354102,0,63.434949)
ellipse(4370.7684,4106.6584,3.320471,2.715394,19.452069)
ellipse(6270.4,4120.29,3,0,180)
ellipse(5568.9,4148.29,3.354102,0,63.434949)
ellipse(4619.469,4157.8302,6.552295,3.862024,63.636777)
ellipse(4842.9,4177.79,2.12132,0,45)
ellipse(5812.4,4188.29,0,0,90)
ellipse(3979.0667,4233.29,2.44949,1.414214,90)
ellipse(5643.4,4263.29,0,0,90)
ellipse(4373.9,4291.29,1.5,0,180)
ellipse(6477.4,4300.29,3,0,90)
ellipse(4209.2,4313.49,3.766305,1.759246,6.567011)
ellipse(4424.4833,4333.2067,5.882229,3.205368,113.6453)
ellipse(4195.9941,4337.3098,3.195791,2.631361,115.1228)
ellipse(4018.4,4340.29,0,0,90)
ellipse(3112.4,4402.9567,1.414214,0,90)
ellipse(5797.0667,4470.9567,5.291503,0,45)
ellipse(3903.025,4491.9775,7.086947,5.081156,163.40676)
ellipse(5756.0667,4538.6233,1.732051,1,45)
ellipse(5840.9,4587.29,3.354102,0,116.56505)
ellipse(4488.7636,4589.1082,8.56422,5.442525,104.48155)
ellipse(3978.4,4659.9567,1.414214,0,90)
ellipse(3881.9,4698.79,2.12132,0,45)
ellipse(6192.4,4761.29,3,0,180)
ellipse(4635.3735,4812.4449,16.320012,10.242915,104.1799)
ellipse(4685.9,4843.29,3.354102,0,116.56505)
ellipse(5941.4,4858.29,3,0,180)
ellipse(5939.9,4871.79,2.12132,0,45)
ellipse(3717.4,4877.29,0,0,90)
ellipse(5755.4,4891.29,0,0,90)
ellipse(4632.4,4908.29,0,0,90)
ellipse(3352.4,4919.6233,2.757816,0.628052,28.154966)
ellipse(6049.4,4966.29,0,0,90)
ellipse(6005.4,5050.29,0,0,90)
ellipse(6504.4,5071.29,0,0,90)
ellipse(6510.4,5079.29,0,0,90)
ellipse(6194.4,5160.29,3,0,90)
ellipse(5954.9,5173.29,3.354102,0,63.434949)
ellipse(6485.4,5218.9567,4.148627,1.669999,118.15497)
ellipse(6779.4,5219.29,3,0,90)
ellipse(6810.4,5224.29,3,0,180)
ellipse(6425.4,5238.29,0,0,90)
ellipse(6374.4,5245.29,0,0,90)
ellipse(6865.9,5257.29,1.5,0,180)
ellipse(6563.4,5261.9567,2.757816,0.628052,151.84503)
ellipse(6944.4,5330.29,0,0,90)
ellipse(6842.4,5332.29,0,0,90)
ellipse(6329.4,5375.29,3,0,180)
ellipse(6326.4,5387.9567,3.61701,0.957725,49.731161)
ellipse(6131.9,5397.79,2.12132,0,45)
ellipse(5956.4,5442.29,3,0,180)
ellipse(6224.0667,5508.6233,4.42086,1.567162,145.27802)
ellipse(6213.9,5515.29,1.5,0,180)
ellipse(5987.4,5546.29,0,0,90)
ellipse(6703.9,5546.79,2.12132,0,45)
ellipse(6055.9,5575.29,1.5,0,180)
ellipse(6690.9,5576.29,3.354102,0,63.434949)
ellipse(6227.4,5598.29,0,0,90)
ellipse(6217.9,5602.29,1.5,0,180)
ellipse(6019.9,5638.79,2.12132,0,45)
ellipse(6305.4,5646.29,3,0,180)
ellipse(6248.9,5665.79,2.12132,0,45)
ellipse(6223.9,5693.29,1.5,0,180)
ellipse(6127.9,5740.79,2.12132,0,45)
ellipse(4768.8286,3514.1471,6.342056,2.05604,82.910968)
ellipse(4724.6143,3883.1471,7.045285,4.99813,123.19753)
ellipse(3017.4,4181.29,0,0,90)
ellipse(3398.7,4582.59,7.338842,4.68203,108.95165)
ellipse(4834.9,4695.29,5.448239,4.191263,100.9007)
ellipse(3309.9,4097.29,3.354102,0,63.434949)
ellipse(3333.9,4528.29,3.354102,0,116.56505)
ellipse(4235,5087.69,6.220543,2.285791,54.412355)
ellipse(3843.4,3176.29,0,0,90)
ellipse(5786.4,4517.29,0,0,90)
ellipse(3327.4,4727.29,0,0,90)
