# Region file format: DS9 version 4.1
global color=green dashlist=8 3 width=1 font="helvetica 10 normal roman" select=1 highlite=1 dash=0 fixed=0 edit=1 move=1 delete=1 include=1 source=1
physical
ellipse(3825.7244,3356.0296,9.260687,6.153445,158.02506)
ellipse(3599.0367,3382.4233,2,2.9e-05,90)
ellipse(4324.8843,3621.0614,7.282315,3.104396,15.12752)
ellipse(4201.9414,3734.9471,2.725401,1.895415,171.65038)
ellipse(4176.1008,3793.0515,3.641504,3.10036,135.41819)
ellipse(4424.7629,3844.1793,4.861723,3.326198,149.86838)
ellipse(3962.2033,3868.9233,3.174816,1.70896,51.047379)
ellipse(4014.4609,4000.1809,4.556543,1.906465,98.587952)
ellipse(4229.745,4020.09,2.663975,2.003151,156.5762)
ellipse(4001.4429,4023.6317,3.036854,2.486522,44.420125)
ellipse(3709.2033,4178.09,2.872281,1.414214,126.8699)
ellipse(3968.62,4202.465,3.957313,1.279277,93.455614)
ellipse(4293.9061,4275.6158,3.337019,2.072453,57.031679)
ellipse(4175.245,4298.09,2.246195,0.662558,38.830456)
ellipse(3784.2271,4347.2329,4.111728,0.852261,115.26377)
ellipse(4440.7065,4498.1628,7.073018,4.700234,61.04719)
ellipse(4664.45,4688.93,5.997189,4.541555,177.73877)
ellipse(4248.37,4900.7567,1.414214,0,90)
ellipse(3593.87,2361.59,2.12132,0,45)
ellipse(3569.37,3531.215,6.162846,3.841054,142.18639)
ellipse(4380.37,3588.09,0,0,90)
ellipse(3807.2271,3598.09,7.163169,1.104366,154.82209)
ellipse(3800.7033,3768.7567,2.933522,1.180868,106.84503)
ellipse(4499.17,3814.69,4.803935,3.053229,176.9955)
ellipse(4129.0367,4085.09,4.148627,1.669999,28.154966)
ellipse(3202.87,4270.34,5.785977,4.945702,43.211833)
ellipse(3529.97,4320.29,6.713782,1.313442,84.251719)
ellipse(4640.2589,4379.9789,6.244998,2.603417,86.633539)
ellipse(4041.37,4770.09,4.267159,3.17444,170.78253)
ellipse(4139.6478,4907.7567,7.75964,2.755637,86.360582)
ellipse(4621.9533,4908.4233,7.72327,3.679483,43.018056)
ellipse(4086.07,4911.19,8.136294,4.393259,55.574015)
ellipse(4249.7033,5095.4233,1.732051,1,90)
ellipse(4572.37,3203.09,0,0,90)
ellipse(3610.7033,3454.4233,3.97621,0.435603,70.097214)
ellipse(4530.37,3569.4233,2.44949,1.414214,0)
ellipse(3379.87,3900.59,2.12132,0,45)
ellipse(3135.12,4223.84,4.031377,0.789304,74.871781)
ellipse(4184.37,4478.7567,2.44949,1.414214,180)
ellipse(3880.37,2325.09,0,0,90)
ellipse(4729.37,2656.84,5.492431,1.738018,62.009675)
ellipse(5041.37,4484.09,0,0,90)
ellipse(4384.87,4614.59,2.12132,0,45)
