# Region file format: DS9 version 4.1
global color=green dashlist=8 3 width=1 font="helvetica 10 normal roman" select=1 highlite=1 dash=0 fixed=0 edit=1 move=1 delete=1 include=1 source=1
physical
ellipse(4942.68,1989.23,2.44949,0,90)
ellipse(4062.1331,3830.5894,3.457329,2.990463,128.41806)
ellipse(4599.7871,4078.6229,6.465765,4.576169,2.240454)
ellipse(4273.43,4200.23,3.104327,1.025015,105.80375)
ellipse(3940.3467,4227.0633,2.15179,1.272714,69.18323)
ellipse(4225.7569,4260.4608,4.427085,1.422047,90.520813)
ellipse(3650.3404,4263.1231,5.759033,3.287214,82.484287)
ellipse(4326.93,4287.48,1.5,1.06066,90)
ellipse(4260.93,4345.48,4.349363,2.63781,20.592963)
ellipse(4048.4877,4365.4031,3.662025,2.391213,68.367852)
ellipse(4322.1045,4367.513,4.479235,3.098866,52.916351)
ellipse(3449.7532,4380.8004,11.233011,7.767526,86.567582)
ellipse(4396.43,4473.73,3.139339,1.755577,47.381821)
ellipse(3673.4816,4570.7825,11.289449,6.265434,71.261451)
ellipse(4244.4852,4662.2819,7.32683,4.817829,54.133532)
ellipse(5477.08,4676.23,1.469694,0,180)
ellipse(3148.6406,4787.4505,7.485306,6.444117,93.620474)
ellipse(5593.68,2388.43,3.437898,2.76059,150.48188)
ellipse(4764.8618,3253.9573,4.225073,2.860388,172.87498)
ellipse(4598.2,3426.99,9.400312,3.56681,133.31933)
ellipse(4589.5689,3430.193,7.483747,5.586001,152.98433)
ellipse(3995.8467,3560.5633,3.438761,1.850655,71.735572)
ellipse(4529.805,3599.23,5.602472,3.820561,153.24301)
ellipse(3753.93,3810.105,6.088967,2.889005,133.45675)
ellipse(3685.7633,3890.73,7.784368,3.58345,119.87178)
ellipse(3647.18,4343.3411,10.255209,4.792658,80.412086)
ellipse(4352.48,4419.83,2.32379,1.341641,18.434949)
ellipse(4271.305,4568.98,6.793404,5.23417,40.904569)
ellipse(3619.68,4675.5633,5.826848,4.852611,17.608797)
ellipse(4193.5178,4848.1759,10.131035,6.257253,69.48183)
ellipse(4794.68,5159.23,5.081009,2.045323,163.15497)
ellipse(3391.4695,5735.9932,7.894448,4.243912,87.821972)
ellipse(4925.68,3543.03,6.901022,3.378743,171.32299)
ellipse(4642.68,3641.43,7.562156,3.008952,152.32047)
ellipse(4430.68,3761.23,0,0,90)
ellipse(3390.48,4492.23,5.08169,2.101531,80.173088)
ellipse(4736.68,4676.23,0,0,90)
ellipse(4705.18,4683.23,3.674235,3.354102,90)
ellipse(3095.28,4787.83,5.366563,0.848528,56.309932)
ellipse(3630.8229,4787.6586,6.989788,2.906713,63.434949)
ellipse(3567.68,5062.43,4.638092,2.954336,139.86379)
ellipse(4690.18,5192.23,4.381214,1.027112,75.127559)
ellipse(3167.7569,5445.4608,7.450205,5.886783,120.73565)
ellipse(3170.5689,5451.5633,5.158992,3.503382,159.69935)
ellipse(3464.3467,5763.6467,4.535099,3.481433,102.23952)
ellipse(4354.18,4260.23,1.5,0,180)
ellipse(3521.68,4956.23,0,0,90)
ellipse(4825.3467,4961.8967,3.900141,0.888199,163.15497)
ellipse(3731.5133,5378.3967,6.02217,1.494478,50.077133)
ellipse(3643.68,5504.23,0,0,90)
ellipse(3545.305,5546.105,5.245358,2.197718,170.22087)
ellipse(3182.18,5716.48,3.37351,1.24777,173.37974)
