# Region file format: DS9 version 4.1
global color=green dashlist=8 3 width=1 font="helvetica 10 normal roman" select=1 highlite=1 dash=0 fixed=0 edit=1 move=1 delete=1 include=1 source=1
physical
ellipse(4481.7858,3230.7063,8.914862,5.821369,43.877939)
ellipse(3799.4418,3360.4156,8.46585,6.592924,9.815293)
ellipse(4099.42,3427.83,9.677755,4.957059,20.096961)
ellipse(4479.0315,3519.5005,7.826603,4.696345,38.476289)
ellipse(4707.202,3521.484,12.352444,7.646004,49.296608)
ellipse(4780.5478,3543.4641,12.898356,7.30753,49.257748)
ellipse(3943.7144,3600.3133,4.765058,2.741613,10.278023)
ellipse(4376.1843,3616.58,5.382573,3.53053,31.899943)
ellipse(4392.0344,3624.004,7.333127,3.933266,29.852138)
ellipse(4134.4079,3634.2214,5.80108,4.254427,171.92982)
ellipse(4195.2584,3650.4451,4.377597,3.287405,34.891897)
ellipse(4613.4238,3664.1646,7.779549,5.184779,42.913764)
ellipse(4551.27,3676.9477,8.099725,4.276484,39.511835)
ellipse(4699.8727,3720.6139,7.011312,4.392101,46.092558)
ellipse(4092.6986,3731.1229,3.540763,1.027053,3.67619)
ellipse(4597.0508,3732.0896,6.869157,4.138063,46.484569)
ellipse(4220.9843,3774.98,2.934774,1.87338,164.87178)
ellipse(2899.02,3805.5027,9.101542,5.81372,164.21724)
ellipse(4156.9162,3808.9185,3.927271,2.14481,175.27625)
ellipse(3508.4751,3821.3584,7.661309,4.590704,160.25442)
ellipse(4014.9049,3881.5401,2.463126,2.310567,136.25648)
ellipse(3684.9593,3884.6742,4.373692,2.85068,162.12402)
ellipse(4093.9367,3885.2022,1.903674,1.389813,101.5993)
ellipse(4177.1791,3886.98,4.127553,1.828516,143.52848)
ellipse(3678.2908,3895.1467,4.246539,3.014631,167.60719)
ellipse(3790.8226,3897.9274,3.855984,2.505772,157.33831)
ellipse(4162.9064,3903.98,2.944922,2.205589,6.203709)
ellipse(4029.3872,3905.3316,2.711055,2.370093,123.10729)
ellipse(4600.9952,3910.396,6.501082,3.946983,47.490107)
ellipse(3923.4104,3919.8923,3.176097,2.231963,23.181441)
ellipse(4068.9171,3926.5682,4.161263,3.195826,152.68123)
ellipse(4141.4854,3926.2569,2.510227,2.05471,123.16178)
ellipse(4210.4347,3935.0624,3.135412,2.933458,148.54295)
ellipse(4153.4735,3947.6083,2.494164,1.967468,140.79652)
ellipse(4634.7459,3963.249,5.458666,3.766928,54.799428)
ellipse(3654.5825,3963.48,4.841719,3.16091,149.2873)
ellipse(3868.0915,3967.127,3.251827,2.468624,158.36354)
ellipse(4121.5114,3968.3248,2.978312,2.315754,126.66712)
ellipse(4242.5771,3967.9125,3.154561,2.913817,147.49017)
ellipse(3755.0766,3972.4275,3.741227,2.375559,166.42254)
ellipse(4110.2088,3971.429,2.790576,1.743036,95.921038)
ellipse(4110.1121,3976.6011,4.267076,2.732169,82.687773)
ellipse(4160.3905,3977.1362,2.706472,2.380013,141.25935)
ellipse(4082.1336,3977.8436,3.405993,1.074899,128.20453)
ellipse(4090.6033,3983.2578,2.647001,1.673004,2.271879)
ellipse(4113.0825,3989.48,5.665279,5.162432,124.20234)
ellipse(4050.6546,3992.1723,2.818823,2.108051,0.435676)
ellipse(4103.3811,3997.2578,3.325146,1.907315,114.24559)
ellipse(4072.7589,4000.1133,2.627844,2.276691,22.709105)
ellipse(4350.1109,4000.8209,2.962016,2.344815,14.519404)
ellipse(4413.274,4004.4006,3.48786,2.839668,40.0908)
ellipse(4093.3182,4004.5342,2.370632,2.042818,22.902434)
ellipse(4030.27,4007.48,2.042343,1.03867,142.01812)
ellipse(4010.3811,4009.8689,2.708013,2.260777,153.43495)
ellipse(4045.9748,4018.236,2.579849,2.126374,175.68275)
ellipse(4121.5367,4020.4467,2.971887,1.888886,153.17373)
ellipse(4124.3922,4026.1467,2.641178,2.374812,5.028832)
ellipse(4136.9222,4042.1104,3.031898,2.368356,150.10864)
ellipse(4767.1896,4125.0425,10.137766,4.31653,63.641611)
ellipse(4097.87,4163.18,2.46542,1.523714,121.71747)
ellipse(4847.6962,4201.9472,8.621224,6.158848,68.264768)
ellipse(3663.7672,4214.6761,4.602444,2.816479,139.42122)
ellipse(4643.8729,4221.73,5.609295,3.625279,58.878703)
ellipse(4337.6774,4224.3504,4.332698,2.198333,88.730977)
ellipse(4948.3587,4235.1413,9.351712,7.685778,91.139331)
ellipse(3998.7033,4236.8467,3.732406,3.117554,62.618603)
ellipse(3853.0478,4275.7022,2.701989,2.249526,144.77913)
ellipse(4825.2027,4278.0954,7.125934,5.522061,61.269754)
ellipse(3863.1589,4277.4244,3.022045,1.994581,138.7157)
ellipse(4205.3609,4295.7073,2.548555,2.243612,172.62822)
ellipse(3923.3889,4314.9078,3.853411,2.763968,129.32859)
ellipse(4529.151,4356.1467,6.525338,4.3801,73.435683)
ellipse(3760.0008,4365.8774,5.443362,3.070906,142.98509)
ellipse(4410.4414,4405.1133,4.991659,3.753322,93.820725)
ellipse(4319.4495,4460.3646,6.082506,3.741284,107.57692)
ellipse(3676.0603,4615.0123,6.415752,5.315606,101.64775)
ellipse(3954.67,5294.78,1.714182,0.813376,144.21747)
ellipse(3681.6033,3260.0911,8.419592,5.291441,49.621353)
ellipse(4043.9367,3468.6467,4.475231,3.312447,3.170096)
ellipse(4109.5777,3469.3646,5.337218,4.135203,8.708985)
ellipse(3553.1986,3571.9086,5.176684,3.601007,61.95055)
ellipse(2966.895,3644.5425,6.605869,4.249907,163.13312)
ellipse(3726.1033,3699.3133,5.590934,1.411189,0.979034)
ellipse(4759.27,3947.48,4.001947,3.314276,76.717474)
ellipse(4821.77,3955.98,1.5,0,180)
ellipse(4852.145,4058.73,4.865044,3.571165,172.53429)
ellipse(4909.0595,4177.9274,6.880317,5.426595,68.685921)
ellipse(3272.6033,4185.3133,5.040015,1.611907,108.93749)
ellipse(3384.1336,4288.48,10.915627,4.560194,160.5466)
ellipse(4770.4238,4511.2877,5.702777,5.094281,81.516926)
ellipse(3682.8414,4533.98,5.201561,2.450507,104.62441)
ellipse(4917.8582,4546.0976,7.172437,4.408519,69.511917)
ellipse(4171.77,4581.18,5.734639,3.22551,177.70389)
ellipse(4052.02,4610.23,4.953154,1.15813,82.981878)
ellipse(4343.1791,4672.98,5.878144,4.493465,83.413723)
ellipse(4019.07,5055.58,5.854896,1.311563,117.45209)
ellipse(4013.645,5101.105,4.134747,1.999403,52.465709)
ellipse(3856.651,5174.1705,6.52526,4.284829,92.562246)
ellipse(4196.07,3298.18,7.964993,2.058857,96.680109)
ellipse(3398.07,3402.78,4.003586,2.202566,7.465709)
ellipse(4879.47,3576.58,2.282536,1.410685,13.282526)
ellipse(4892.395,3860.605,6.265033,2.973736,178.67465)
ellipse(3426.77,4062.73,5.257446,1.8157,20.15705)
ellipse(3436.02,4105.23,3.390297,0.938555,73.997308)
ellipse(3182.27,4142.98,0,0,90)
ellipse(3112.1589,4271.5356,7.087274,4.783478,90.93131)
ellipse(3368.6033,4346.98,6.138529,0.564321,127.23794)
ellipse(3600.27,4358.98,4.242641,0,45)
ellipse(3320.67,4482.98,4.524084,1.814569,28.488066)
ellipse(3581.77,4487.48,6.354102,0.354102,148.28253)
ellipse(4000.6033,4946.3133,4.630368,0.748127,143.34962)
ellipse(3773.4129,5207.8371,6.133231,3.297464,97.972698)
