# Region file format: DS9 version 4.1
global color=green dashlist=8 3 width=1 font="helvetica 10 normal roman" select=1 highlite=1 dash=0 fixed=0 edit=1 move=1 delete=1 include=1 source=1
physical
ellipse(5402.56,2215.76,3,0,180)
ellipse(5366.06,2317.26,2.12132,0,45)
ellipse(4762.06,2369.76,3.354102,0,63.434949)
ellipse(4634.56,2373.76,3,0,90)
ellipse(5203.56,2391.76,0,0,90)
ellipse(5634.56,2405.76,3,0,180)
ellipse(5349.56,2412.26,3.354102,0,153.43495)
ellipse(5150.56,2414.76,3,0,90)
ellipse(4850.06,2417.76,3.354102,0,116.56505)
ellipse(5585.06,2580.26,2.12132,0,45)
ellipse(5468.56,2634.76,0,0,90)
ellipse(5459.56,2638.76,0,0,90)
ellipse(5129.06,2671.76,1.5,0,180)
ellipse(5359.56,2690.26,3.354102,0,26.565051)
ellipse(4663.56,2691.26,3.354102,0,153.43495)
ellipse(5049.56,2766.76,0,0,90)
ellipse(5521.56,2783.26,3.354102,0,153.43495)
ellipse(4828.56,2798.76,0,0,90)
ellipse(6105.56,2848.76,3,0,180)
ellipse(5077.06,2896.76,3.354102,0,116.56505)
ellipse(5069.06,2903.76,3.354102,0,63.434949)
ellipse(4015.06,2934.26,2.12132,0,45)
ellipse(4917.06,2948.26,2.12132,0,45)
ellipse(6058.56,3110.26,1.5,0,90)
ellipse(6406.56,3190.26,4.76938,1.415278,69.699353)
ellipse(6389.685,3193.635,4.888273,3.094113,80.248776)
ellipse(6356.1314,3197.6171,5.628469,3.573418,14.527302)
ellipse(6377.06,3200.5933,7.043105,3.727557,22.783633)
ellipse(6445.56,3200.26,3.927051,0.572949,121.71747)
ellipse(6395.8457,3209.1886,6.026495,4.52067,47.987162)
ellipse(6371.3782,3210.6691,7.03952,2.857301,13.927225)
ellipse(6402.31,3246.3433,4.409218,3.151793,32.559817)
ellipse(6404.5044,3254.1489,8.429321,2.560793,119.78474)
ellipse(6410.6055,3255.6691,5.880892,4.622509,47.54248)
ellipse(6451.06,3257.76,4.620968,1.377192,166.22359)
ellipse(6471.56,3264.01,3.730155,1.128469,169.57277)
ellipse(6411.9794,3266.0826,7.085687,5.635393,92.884237)
ellipse(6478.76,3267.56,3.039455,0.91745,74.518122)
ellipse(6367.56,3268.4267,3.872983,3.316625,0)
ellipse(6495.56,3312.26,3.454163,1.954163,106.84503)
ellipse(6450.96,3323.16,3.14088,2.292351,160.6701)
ellipse(6407.96,3347.56,5.380425,2.655377,58.703788)
ellipse(5766.56,3390.76,3,0,180)
ellipse(4137.8933,3439.76,2.828427,0,180)
ellipse(4312.56,3572.26,3.354102,0,153.43495)
ellipse(4114.3933,3607.4267,4.313577,2.375511,154.76132)
ellipse(4740.0215,3657.4523,6.270291,4.0085,88.555689)
ellipse(5747.06,3674.76,1.5,0,180)
ellipse(3682.2267,3677.6933,5.383241,4.897011,19.902786)
ellipse(4168.56,3767.26,3.354102,0,153.43495)
ellipse(5068.3457,3770.4743,6.827241,4.988354,61.593154)
ellipse(5850.56,3787.26,3.354102,0,153.43495)
ellipse(4746.06,3793.76,3.354102,0,116.56505)
ellipse(5743.06,3814.76,3.354102,0,116.56505)
ellipse(3181.56,3835.26,3.354102,0,26.565051)
ellipse(5059.56,3907.26,3.354102,0,153.43495)
ellipse(3656.06,3924.76,1.5,0,180)
ellipse(5297.56,3950.26,1.5,0,90)
ellipse(3964.56,3953.26,3.354102,0,26.565051)
ellipse(3579.4187,3953.7057,6.046171,3.623374,152.65729)
ellipse(3903.56,4034.76,3,0,180)
ellipse(4083.5257,4066.1886,2.290293,2.08657,150.51426)
ellipse(4320.56,4097.0933,2.757816,0.628052,28.154966)
ellipse(3384.1754,4129.3754,6.830802,4.303902,140.67623)
ellipse(2806.56,4180.76,3,0,90)
ellipse(5140.56,4186.76,0,0,90)
ellipse(5008.56,4273.26,1.5,0,90)
ellipse(4746.2348,4305.9307,5.918224,5.394621,50.131322)
ellipse(3448.8817,4385.5339,10.704018,6.212691,138.57906)
ellipse(4882.8933,4477.5933,5.083097,2.100507,80.465403)
ellipse(3797.16,4489.66,4.550254,1.966008,94.303237)
ellipse(3792.56,4569.26,2.12132,1.5,0)
ellipse(4090.56,4576.26,3.354102,0,26.565051)
ellipse(4195.1509,4591.4873,3.408116,2.951123,93.67619)
ellipse(4468.31,4593.385,7.763897,4.125382,77.84225)
ellipse(3596.5262,4607.8353,10.155118,6.828806,128.85337)
ellipse(3963.56,4609.76,3,0,90)
ellipse(4115.56,4628.26,1.5,0,90)
ellipse(4190.56,4774.76,0,0,90)
ellipse(3820.81,4798.635,5.189874,1.654412,135.83255)
ellipse(4072.56,4846.26,1.5,0,90)
ellipse(3771.56,4848.76,3,0,180)
ellipse(4732.56,4858.76,3,0,180)
ellipse(4240.56,5057.76,3,0,180)
ellipse(4304.2267,5454.4267,3.162278,5.5e-05,153.43495)
ellipse(4042.56,5487.76,2.44949,0,90)
ellipse(4144.8933,3786.26,2.379044,1.26101,23.744777)
ellipse(4678.4171,3823.3314,5.070926,3.3197,63.434949)
ellipse(3353.8933,3845.5933,7.047294,1.259224,20.074442)
ellipse(3592.56,4496.76,0,0,90)
ellipse(4390.4767,4889.8433,10.712884,5.666491,82.057057)
ellipse(3823.81,3259.01,4.5,3.824265,18.434949)
ellipse(3728.81,3310.26,6.442867,1.710838,131.23028)
ellipse(3170.56,4111.76,0,0,90)
ellipse(2863.81,4288.51,3.901605,2.480419,3.562508)
ellipse(3332.06,4406.26,6.405657,1.570847,141.74787)
ellipse(4986.16,4582.16,5.091169,2.683282,90)
ellipse(4673.06,4723.26,2.12132,0,45)
ellipse(3779.66,5020.66,7.43237,5.40184,72.990325)
