# Region file format: DS9 version 4.1
global color=green dashlist=8 3 width=1 font="helvetica 10 normal roman" select=1 highlite=1 dash=0 fixed=0 edit=1 move=1 delete=1 include=1 source=1
physical
ellipse(4589.0233,2449.1,1.414214,0,0)
ellipse(3870.69,2586.6,3.354102,0,153.43495)
ellipse(3874.0233,2774.7667,3.821721,2.719274,106.84503)
ellipse(3886.6105,3424.2967,7.102276,4.908155,148.40953)
ellipse(4262.6067,3804.0167,5.246734,2.312312,54.88121)
ellipse(4485.4562,3912.5156,4.933193,2.94658,3.206909)
ellipse(4022.44,3937.35,2.598076,2.371708,45)
ellipse(4074.69,4068.1,2.77746,2.267787,0)
ellipse(4290.5471,4088.3857,2.513094,2.082647,10.900705)
ellipse(3768.7669,4246.9462,4.076197,2.955288,99.462322)
ellipse(4028.69,4269.7667,2.44949,1.414214,90)
ellipse(4354.2564,4343.746,4.294631,2.524536,59.201362)
ellipse(4501.2219,4566.4896,8.451389,5.668209,51.734287)
ellipse(4941.69,4973.1,0,0,90)
ellipse(4200.8835,4977.4548,13.998032,7.501243,61.516218)
ellipse(3902.5789,3429.5444,8.065952,4.006435,161.04542)
ellipse(4589.59,3637,5.507976,3.561207,11.714346)
ellipse(4240.69,4047.1,2.44949,0,180)
ellipse(4442.3567,4274.2667,3.855705,3.063256,23.423805)
ellipse(3263.49,4338.74,7.749936,5.721196,112.45731)
ellipse(4700.89,4447.7,3.672483,0.955442,38.37974)
ellipse(3279.3567,4608.1,4.455206,0.38877,146.98124)
ellipse(4104.53,4838.94,9.61748,4.792001,84.822105)
ellipse(4878.0233,4875.7667,3.752701,1.384643,4.731161)
ellipse(4146.0233,4972.6,4.153312,3.316625,90)
ellipse(4636.5471,3271.6714,5.68819,2.092652,6.835654)
ellipse(4724.94,4755.1,3.149947,0.874832,140.30983)
ellipse(4681.4043,4974.6714,5.804202,2.987219,61.137822)
ellipse(3114.69,3715.1,3.464102,1.9e-05,45)
ellipse(5096.09,4549.3,5.433679,1.695623,70.790972)
ellipse(5290.69,4846.1,0,0,90)
