# Region file format: DS9 version 4.1
global color=green dashlist=8 3 width=1 font="helvetica 10 normal roman" select=1 highlite=1 dash=0 fixed=0 edit=1 move=1 delete=1 include=1 source=1
physical
ellipse(4736.8816,2768.1524,6.02897,4.898479,118.4959)
ellipse(4734.0443,2775.8686,4.595224,3.850522,115.35162)
ellipse(4928.4967,2872.8567,2,0,45)
ellipse(2167.83,3130.69,4.5,0,90)
ellipse(2444.4967,3175.5233,2,0,90)
ellipse(3071.83,3468.19,0,0,90)
ellipse(4282.33,3820.69,4.084706,1.888168,119.51812)
ellipse(4198.8631,3828.4483,3.897378,2.979212,118.37154)
ellipse(4455.58,3853.315,4.182913,2.329187,175.98215)
ellipse(4061.0142,3880.0058,4.610192,1.6634,108.70539)
ellipse(4043.4967,3896.0233,2.872281,1,68.19859)
ellipse(3817.8044,3902.9079,4.295854,3.623732,93.191197)
ellipse(4122.9133,3902.2733,3.612216,3.174412,52.310437)
ellipse(4074.35,3951.83,3.676169,2.281618,140.59654)
ellipse(3944.5443,3958.9043,3.729452,2.38904,35.863681)
ellipse(4142.3685,3959.6515,2.547433,1.876811,10.518756)
ellipse(4187.5478,4003.2315,2.300699,2.225763,97.519664)
ellipse(4103.8446,4006.1462,3.2499,2.33413,158.12689)
ellipse(4243.39,4071.79,3.779535,2.119603,44.831485)
ellipse(4392.793,4098.7456,4.414539,2.527527,154.09378)
ellipse(3814.83,4118.4757,3.419004,2.361296,28.632387)
ellipse(4398.6365,4121.6416,4.999236,3.671521,141.67898)
ellipse(4145.83,4137.5017,3.845279,3.133688,153.42444)
ellipse(4310.471,4138.831,2.552608,2.132904,157.3781)
ellipse(4144.232,4147.3667,4.440563,3.657766,22.164085)
ellipse(4134.1588,4151.2448,4.026256,3.788284,127.95664)
ellipse(4291.9133,4156.0233,4.497921,1.645054,2.865463)
ellipse(4152.7522,4158.2011,4.919056,4.510801,111.08456)
ellipse(4140.6365,4169.7276,7.384994,5.530621,139.34564)
ellipse(4518.7146,4168.8438,5.663258,2.993335,143.16311)
ellipse(4384.83,4170.94,6.885905,2.673353,155.51767)
ellipse(4262.0348,4181.8527,2.682313,2.075333,154.78331)
ellipse(4274.4967,4183.59,4.175682,1.877147,150.19936)
ellipse(4084.9729,4197.3329,2.995108,0.973496,7.972698)
ellipse(4310.3755,4207.6445,2.765251,2.235624,64.078613)
ellipse(4470.7489,4213.5684,3.830208,1.646675,145.77203)
ellipse(4007.2915,4237.8438,3.354816,2.341029,29.52945)
ellipse(4047.9582,4267.2285,2.863709,2.108465,173.99755)
ellipse(4237.1157,4290.0471,4.161408,1.024709,176.75846)
ellipse(3606.6633,4294.19,7.378985,3.577791,41.032225)
ellipse(4246.0967,4356.7233,2.641869,2.494098,9.217474)
ellipse(4386.205,4744.1483,7.912697,3.854605,145.26705)
ellipse(5241.4967,5598.19,1.414214,0,180)
ellipse(4183.58,2687.94,4.178624,1.978409,155.81677)
ellipse(4740.8888,2755.19,2.772263,2.111845,50.00399)
ellipse(5023.83,2878.19,0,0,90)
ellipse(2225.4967,3225.8567,4.42086,1.567162,55.278023)
ellipse(5524.83,3358.5233,4.472136,0,18.434949)
ellipse(3985.0039,3460.4943,8.041149,4.464271,74.297614)
ellipse(4423.93,3863.19,5.560074,4.505061,99.908576)
ellipse(4153.7796,4133.4505,6.042515,4.887534,159.18778)
ellipse(4675.4014,4223.4757,3.563991,2.601415,10.900705)
ellipse(3997.83,4255.565,4.599017,2.821066,150.74373)
ellipse(3652.3856,4362.19,4.762657,3.679582,12.971148)
ellipse(4078.83,4516.5233,6.612811,3.141773,172.81771)
ellipse(4176.1157,4566.9043,6.405266,2.521967,7.680808)
ellipse(4078.93,4642.39,6.564813,3.866941,59.020076)
ellipse(4645.83,2964.19,0,0,90)
ellipse(4436.1633,2972.19,4.306275,1.206647,100.27802)
ellipse(3293.83,3209.19,3,0,90)
ellipse(5031.33,3597.19,1.5,0,180)
ellipse(4087.4967,3652.19,3.741657,0,0)
ellipse(3414.08,4006.44,4.082518,2.169803,20.592963)
ellipse(4488.1633,4068.7456,8.615599,1.998417,145.76605)
ellipse(3617.1633,4267.5233,1.732051,1,90)
ellipse(5194.4454,4347.2669,11.408677,3.529514,168.35305)
ellipse(3992.83,4599.44,3.730155,1.128469,10.427229)
ellipse(4759.1633,4749.5233,4,3.464102,45)
ellipse(4646.9729,2894.7614,4.992056,2.582869,110.05045)
ellipse(3103.1633,3221.3567,3.186372,2.257661,40.734617)
ellipse(5608.33,3779.19,3.354102,0,116.56505)
ellipse(5287.83,4688.19,0,0,90)
