# Region file format: DS9 version 4.1
global color=green dashlist=8 3 width=1 font="helvetica 10 normal roman" select=1 highlite=1 dash=0 fixed=0 edit=1 move=1 delete=1 include=1 source=1
physical
ellipse(3775.1362,3407.8705,10.572091,7.721614,15.750576)
ellipse(4076.2082,3475.7324,8.974422,5.331465,30.690016)
ellipse(4087.2678,3516.55,7.445683,3.933569,43.535911)
ellipse(4453.0709,3564.9085,2.274134,1.773658,21.923275)
ellipse(4457.3459,3568.8231,7.224195,6.038637,35.253138)
ellipse(4354.6591,3665.7674,5.981949,3.121488,57.194095)
ellipse(4368.7092,3671.3147,6.995537,4.432789,37.257987)
ellipse(4111.3036,3681.8377,5.928749,3.123086,17.117681)
ellipse(4171.9732,3697.816,5.953732,3.72421,39.580017)
ellipse(4264.92,3744.1654,5.111665,3.258288,16.190339)
ellipse(4069.8765,3778.3761,4.81877,2.861099,5.743974)
ellipse(4197.7719,3821.9759,2.776024,2.15177,32.82322)
ellipse(4133.546,3856.55,3.133737,2.02576,26.242304)
ellipse(3485.6995,3868.5655,9.366512,6.263085,173.91588)
ellipse(3991.5576,3929.0064,2.995159,2.182739,7.186857)
ellipse(3661.3024,3931.987,6.042594,3.66494,177.29582)
ellipse(4070.539,3933.1214,2.875518,1.828562,37.924295)
ellipse(4153.9969,3934.2423,4.074292,3.081367,146.93764)
ellipse(3654.9298,3942.5827,6.262858,3.443018,178.51557)
ellipse(3766.7609,3945.3227,6.270521,2.187089,177.42059)
ellipse(4139.2867,3951.0833,2.296238,2.11123,28.252408)
ellipse(4005.9851,3952.766,3.017519,2.670563,15.646424)
ellipse(4577.8781,3958.0141,7.329408,4.00366,58.102243)
ellipse(3899.9374,3967.179,2.945583,2.260097,175.89202)
ellipse(4045.5287,3973.5935,4.081,2.925585,166.77132)
ellipse(4118.2733,3973.6039,2.134207,1.971925,134.16745)
ellipse(4187.0324,3982.562,3.066605,2.73951,142.6629)
ellipse(4130.1916,3995.1488,2.346664,1.997862,94.951787)
ellipse(3630.12,4010.9,5.36001,2.838625,173.2012)
ellipse(4611.2598,4010.8898,8.111678,4.903528,65.539413)
ellipse(3844.7391,4014.4886,3.519328,2.260816,179.09794)
ellipse(4098.2688,4015.736,2.285442,1.396942,137.30395)
ellipse(4219.2317,4015.4393,3.922249,3.620445,42.192398)
ellipse(3731.6843,4019.7082,5.096637,2.973956,171.0454)
ellipse(4086.7494,4024.6285,4.094302,2.408964,87.761725)
ellipse(4137.0295,4024.5732,2.926948,2.760219,85.957369)
ellipse(4059.0033,4025.2722,3.927673,3.544917,163.19355)
ellipse(4066.2303,4030.481,4.647686,2.755509,33.009867)
ellipse(4098.7435,4030.6676,3.645453,1.9433,22.5)
ellipse(4088.7896,4036.1587,5.904584,2.865902,150.52579)
ellipse(4027.332,4039.5586,2.306117,1.953019,169.73972)
ellipse(4079.7018,4044.8227,3.612281,2.75993,73.015689)
ellipse(4326.8024,4047.9471,3.360025,2.414234,55.822971)
ellipse(4390.0394,4052.0102,4.019146,2.815057,65.364174)
ellipse(4069.6614,4052.0293,2.478599,2.337263,32.55958)
ellipse(3987.2103,4058.0661,4.23281,2.971609,135.59059)
ellipse(4022.5814,4065.7014,2.267601,2.066151,132.6065)
ellipse(4099.4617,4067.2583,3.741716,2.256837,115.41894)
ellipse(4101.0496,4073.7259,2.539303,2.009682,145.67751)
ellipse(4113.5152,4089.2167,6.657295,2.724007,23.191898)
ellipse(4128.7325,4128.6125,5.225649,1.959856,52.28877)
ellipse(3905.5867,4200.3278,3.80128,2.259607,136.36315)
ellipse(4074.5867,4210.6333,2.86771,2.542389,131.94225)
ellipse(3977.72,4215.35,2.354809,0.966889,19.329904)
ellipse(3640.2313,4261.8094,6.244826,4.230454,153.18309)
ellipse(4314.1607,4271.8463,4.540752,2.563171,103.28534)
ellipse(3975.4285,4284.1093,2.695383,1.978498,140.51624)
ellipse(3829.7095,4322.8658,4.79878,3.127392,156.47049)
ellipse(3839.1847,4325.6382,4.864347,3.085415,145.92413)
ellipse(4181.5496,4344.1426,3.783117,2.574159,115.95757)
ellipse(3900.1017,4362.378,4.683673,3.040693,131.65685)
ellipse(4393.42,4394.3,2.643623,1.203644,168.01875)
ellipse(4506.1533,4404.1667,6.784085,4.41743,93.455614)
ellipse(3736.7303,4413.0709,7.10961,4.346272,147.55458)
ellipse(4387.0005,4453.1943,5.552319,3.892191,98.91297)
ellipse(4296.0867,4507.55,7.155479,5.079283,108.0966)
ellipse(4386.12,4511.15,3,2.32379,161.56505)
ellipse(3531.5033,3617.7167,5.537379,4.03422,114.1729)
ellipse(3922.0311,3648.2167,4.809804,3.123247,118.94687)
ellipse(2943.32,3687.55,5.77636,3.948882,163.0745)
ellipse(4528.3486,3725.55,4.277096,1.382221,54.826912)
ellipse(2875.12,3851.25,2.710387,2.232443,98.872336)
ellipse(4187.67,4012.925,4.766485,2.842093,143.08608)
ellipse(4006.67,4055.2167,4.979549,2.718748,82.507784)
ellipse(3245.72,4231.05,4.928345,4.147458,155.18227)
ellipse(4272.92,4527.55,0,0,90)
ellipse(4027.92,4653.95,3.221668,2.486133,119.51812)
ellipse(4320.32,4716.15,6.081387,4.61917,168.48725)
ellipse(3401.5867,2957.2167,6.201446,3.679955,137.76377)
ellipse(3652.52,3309.75,4.811904,3.584074,96.047379)
ellipse(3374.92,3450.55,0,0,90)
ellipse(2642.92,4007.55,0,0,90)
ellipse(2500.0109,4118.8227,4.137206,3.405037,177.68227)
ellipse(3160.67,4184.05,6.613857,0.833304,48.376787)
ellipse(4748.67,4556.05,6.653266,0.414184,30.08223)
ellipse(4148.12,4631.95,3.651708,2.159867,20.81677)
ellipse(3989.0867,5155.7167,3.872983,2.345208,45)
ellipse(3454.92,5377.55,0,0,90)
ellipse(4164.92,2915.05,3.354102,0,26.565051)
ellipse(3090.42,4310.55,3.354102,0,116.56505)
ellipse(4500.6343,5215.9786,5.433473,2.318476,163.39672)
ellipse(4629.42,5308.55,3.354102,0,63.434949)
