# Region file format: DS9 version 4.1
global color=green dashlist=8 3 width=1 font="helvetica 10 normal roman" select=1 highlite=1 dash=0 fixed=0 edit=1 move=1 delete=1 include=1 source=1
physical
ellipse(4482.1459,3470.7927,8.358131,6.768852,91.495674)
ellipse(3801.0097,3601.2622,5.150899,3.646859,89.498147)
ellipse(4100.9744,3668.2006,5.60362,3.044804,111.72353)
ellipse(4111.7956,3709.2267,5.826832,1.664408,103.51079)
ellipse(4480.5435,3759.9465,6.657247,4.212588,132.84171)
ellipse(4708.5382,3761.427,11.338601,6.676306,128.58852)
ellipse(4781.9233,3783.31,8.211164,4.910375,128.56987)
ellipse(4378.3282,3856.6776,4.869527,3.361391,137.57281)
ellipse(4393.6262,3864.2145,4.415619,3.154591,138.15551)
ellipse(4135.5971,3874.6314,1.963961,1.421411,161.56505)
ellipse(2965.1366,3884.0428,10.256869,5.327166,48.778071)
ellipse(4196.9198,3890.6667,2.569053,2.228097,92.510731)
ellipse(4615.0221,3904.4788,7.081441,4.299039,125.59067)
ellipse(4553.3114,3917.06,4.464143,2.826623,127.87498)
ellipse(4289.9067,3937.2267,2.44949,1.581139,45)
ellipse(4701.4889,3961.0952,8.457383,5.314324,147.83606)
ellipse(4095.1844,3972.06,2.499675,1.404936,103.94864)
ellipse(4598.4587,3972.6069,6.558689,3.575355,137.27808)
ellipse(4634.3233,3998.1433,4.788699,3.597689,130.68143)
ellipse(4222.4697,4014.5735,2.70743,1.737101,135.08734)
ellipse(4158.74,4049.5294,2.462087,2.235178,68.212487)
ellipse(3510.0829,4061.8895,7.562557,4.792762,56.793236)
ellipse(4016.7931,4121.9981,2.500831,2.322476,42.037269)
ellipse(3686.4448,4125.0419,4.337775,3.003846,54.769199)
ellipse(4095.6067,4125.66,2.638759,1.495644,88.544581)
ellipse(4332.0733,4126.3378,2.546248,1.523869,160.07273)
ellipse(3679.8954,4135.4745,4.143085,3.331986,72.887089)
ellipse(3791.9726,4138.5019,3.874129,3.501262,60.916694)
ellipse(4164.34,4143.86,4.108351,2.884692,168.87549)
ellipse(4031.2465,4145.8652,2.229537,2.016709,55.739864)
ellipse(4602.8574,4150.7689,5.649377,3.588044,149.32838)
ellipse(3925.0173,4160.3037,2.722162,2.230845,176.35397)
ellipse(4143.4292,4166.56,2.849966,1.896339,125.06533)
ellipse(4071.5525,4167.31,4.547175,3.410542,171.87435)
ellipse(4212.1907,4175.7431,2.507294,2.475746,6.564372)
ellipse(4155.5138,4188.191,3.201881,2.505199,42.57086)
ellipse(3656.8038,4203.5494,4.768213,3.210335,59.231785)
ellipse(4636.0996,4203.9252,7.689541,4.196579,149.74525)
ellipse(3869.8772,4207.3374,3.036681,2.632225,21.519767)
ellipse(4244.43,4208.5122,2.944696,2.561312,138.85425)
ellipse(4123.3607,4208.6462,3.949286,2.337474,118.05427)
ellipse(4112.74,4212.06,0,0,90)
ellipse(3756.7231,4212.8905,4.054178,3.416926,9.015767)
ellipse(4111.8891,4216.7179,3.745083,2.42462,90.102279)
ellipse(4083.89,4218.56,4.487289,2.908906,74.963194)
ellipse(4162.3111,4217.6809,2.548228,2.355869,117.4572)
ellipse(4091.4543,4223.2029,4.5967,1.542905,43.877129)
ellipse(4114.24,4229.96,3.152581,2.39191,160.09721)
ellipse(4052.4523,4232.5942,2.662861,1.776865,108.90729)
ellipse(4104.9574,4237.6252,3.316877,2.613081,77.971325)
ellipse(4352.0582,4241.4236,2.897404,1.478387,150.20232)
ellipse(4095.0056,4244.7475,3.485574,2.306779,111.71113)
ellipse(4415.1455,4244.8828,3.536636,2.616844,156.32037)
ellipse(4031.8938,4247.5985,2.870972,1.445297,123.27049)
ellipse(4012.74,4250.4767,3.059964,1.823217,131.73168)
ellipse(4047.7648,4258.746,2.498763,2.424776,106.14105)
ellipse(4123.1733,4261.1933,2.835147,2.326358,156.18821)
ellipse(4126.1334,4266.8305,2.827368,2.144241,104.24987)
ellipse(4154.34,4321.96,3.663836,1.986531,92.178488)
ellipse(4768.9448,4365.5299,9.894064,6.464599,150.0098)
ellipse(4092.6733,4368.86,5.651557,2.803551,57.111703)
ellipse(4099.9753,4403.1776,3.286566,1.843686,115.74539)
ellipse(3665.0279,4455.1206,6.230924,3.952712,47.060622)
ellipse(4948.0178,4476.2822,3.524884,2.904531,23.205471)
ellipse(4000.4242,4477.0074,4.026854,2.822636,143.61503)
ellipse(4826.9319,4519.2777,11.683728,8.20618,166.20431)
ellipse(4206.7043,4536.81,4.964873,3.473006,60.598369)
ellipse(3925.1469,4555.4546,5.390379,3.735901,19.297095)
ellipse(4531.3086,4597.3933,9.198303,5.483559,156.0471)
ellipse(3762.0373,4606.2492,8.764732,4.441174,35.094541)
ellipse(4411.5635,4646.06,6.813006,4.815083,176.07072)
ellipse(4602.74,3181.06,4.136725,0.942077,118.15497)
ellipse(3681.3764,3500.6055,5.401427,3.796231,141.10786)
ellipse(4031.0733,3574.7267,5.196152,1,101.30993)
ellipse(3554.5733,3811.2267,7.87753,4.867702,48.933034)
ellipse(4877.5178,3812.3933,5.656854,2.748737,161.56505)
ellipse(3727.4543,3938.7743,4.999925,3.087291,2.042808)
ellipse(1334.4067,3950.3933,4.42086,1.567162,124.72198)
ellipse(2899.1073,4048.9171,5.935132,4.803116,29.851433)
ellipse(4891.6289,4099.8378,5.985169,4.077033,143.06379)
ellipse(4830.5733,4258.56,4.515086,4.014225,79.721977)
ellipse(4486.74,4357.06,4.898979,0,180)
ellipse(4854.1347,4440.7968,7.170592,6.220013,1.010188)
ellipse(4778.5733,4448.06,4.067934,2.9499,11.239717)
ellipse(3450.5178,4473.06,5.150748,3.004223,100.02262)
ellipse(3864.5582,4518.9691,5.723818,3.674557,154.36446)
ellipse(3385.94,4530.21,7.544327,7.07606,136.22433)
ellipse(4321.4634,4700.7409,9.053593,5.019279,2.680599)
ellipse(4052.2956,4849.7267,4.941146,3.131661,6.595305)
ellipse(3682.653,4855.7557,6.21006,4.156031,120.09917)
ellipse(4863.4067,3565.06,2.757816,0.628052,61.845034)
ellipse(5322.49,4038.31,5.740623,1.38573,111.7656)
ellipse(4854.4543,4300.4886,4.585853,2.480651,163.54738)
ellipse(4907.99,4416.935,5.706692,2.890596,86.664524)
ellipse(3269.74,4427.06,2.44949,0,90)
ellipse(3583.74,4730.5044,8.485768,4.267782,37.58003)
ellipse(4772.94,4754.26,4.594875,2.639531,37.628219)
ellipse(3684.74,4773.06,0,0,90)
ellipse(4179.74,4822.31,4.840589,0.869598,168.30739)
ellipse(4344.14,4913.86,5.799135,1.53949,70.773145)
ellipse(4262.74,2916.06,0,0,90)
ellipse(4149.0733,3289.3933,4.630368,0.748127,126.65038)
ellipse(5350.24,3913.06,1.5,0,180)
ellipse(5034.0733,4143.7267,3.162278,0,26.565051)
ellipse(4573.99,4378.31,4.107919,0,108.43495)
ellipse(3529.99,4569.56,5.539862,0.497427,36.954592)
ellipse(1700.24,4884.56,4.616525,1.089814,166.71747)
ellipse(2453.24,4930.56,2.12132,0,45)
