# Region file format: DS9 version 4.1
global color=green dashlist=8 3 width=1 font="helvetica 10 normal roman" select=1 highlite=1 dash=0 fixed=0 edit=1 move=1 delete=1 include=1 source=1
physical
ellipse(4375.1216,3565.3531,5.520746,3.66388,12.002981)
ellipse(4599.9071,3566.8456,8.568773,6.436779,162.9492)
ellipse(4676.2546,3589.5169,11.97937,8.934317,17.951518)
ellipse(3088.54,3601.2,1.5,0,90)
ellipse(3449.7665,3617.599,11.721341,7.536265,137.90546)
ellipse(3839.1871,3646.5151,8.510984,5.036003,150.3211)
ellipse(4272.3913,3663.0667,6.944435,4.286427,0.986444)
ellipse(4287.5409,3670.2483,7.086917,4.235559,1.429459)
ellipse(2748.04,3681.2,2.12132,0,45)
ellipse(4030.3627,3680.7043,5.453414,3.379252,166.20247)
ellipse(2855.3443,3697.113,6.659032,5.191459,27.851825)
ellipse(4090.8495,3696.6613,5.915154,3.441016,165.46301)
ellipse(3816.9329,3698.8071,7.602486,5.304567,173.62735)
ellipse(4509.4562,3710.4344,9.29276,5.877811,20.83913)
ellipse(4447.0239,3723.6263,9.426806,6.049523,4.692033)
ellipse(4183.7839,3743.5293,5.434885,3.065288,161.74781)
ellipse(3624.3047,3744.3667,6.96252,5.037657,164.35032)
ellipse(3618.9174,3747.7755,6.670163,5.247338,93.167705)
ellipse(4595.8577,3767.0087,9.697431,6.588387,22.77137)
ellipse(3989.4274,3777.5403,4.802266,3.60162,168.61652)
ellipse(4492.9554,3778.4128,6.869056,4.652311,23.638312)
ellipse(3941.1,3789.38,6.864225,3.921532,146.59588)
ellipse(3886.24,3790.4,4.045036,2.686574,26.903396)
ellipse(2251.54,3798.7,3,0,90)
ellipse(4530.5148,3804.0277,2.531386,1.991038,40.812721)
ellipse(4123.3,3812.46,4.519756,2.962264,94.335401)
ellipse(4116.8115,3820.9217,3.586452,2.421597,161.04154)
ellipse(3775.1114,3845.4143,3.287716,1.875487,159.54281)
ellipse(5221.6189,3847.0158,6.338678,4.947002,131.77592)
ellipse(2796.845,3849.43,7.052852,5.565874,55.176542)
ellipse(4052.7559,3855.3566,3.60304,2.747433,158.13334)
ellipse(4657.54,3863.7,4.242641,0,45)
ellipse(3404.3566,3867.5371,12.045264,7.581559,135.50747)
ellipse(3936.5043,3898.5214,8.223918,4.415572,119.49703)
ellipse(4784.3426,3904.1211,3.733586,3.207059,34.047126)
ellipse(4790.0785,3907.5923,4.29507,3.434002,14.660895)
ellipse(3910.7043,3927.943,3.667122,2.794376,143.48597)
ellipse(3580.5001,3930.8371,7.884005,4.466889,137.36113)
ellipse(3989.5753,3931.9882,2.76289,2.212633,153.35414)
ellipse(4073.1426,3933.4336,2.537381,2.223273,147.50606)
ellipse(4134.6453,3938.5947,4.278378,3.296127,131.34224)
ellipse(3573.9825,3941.4725,8.32977,4.416428,135.34323)
ellipse(3686.4951,3944.2296,5.515755,2.8718,134.19638)
ellipse(4058.6716,3950.0246,2.480075,1.907901,136.8345)
ellipse(3925.3388,3951.7467,3.035768,2.30834,143.09213)
ellipse(4497.0163,3956.7088,6.794326,4.595261,24.684277)
ellipse(3819.1479,3966.1256,3.982332,2.815657,134.75004)
ellipse(3272.54,3971.7,4.242641,0,45)
ellipse(3965.1209,3972.7074,2.494465,2.358786,123.51745)
ellipse(4037.4585,3972.6334,3.625476,2.888208,20.470212)
ellipse(4277.447,3977.6535,7.067997,3.449573,110.7267)
ellipse(4106.3168,3981.5168,2.790368,2.615227,147.86747)
ellipse(3925.4983,3986.0802,2.318139,2.167996,127.79047)
ellipse(4688.54,3988.5333,3.49362,1.022067,172.2036)
ellipse(4049.4145,3993.9862,2.555943,2.458909,125.06479)
ellipse(3550.7716,4009.6553,7.9543,4.714426,127.25874)
ellipse(4530.4754,4009.6803,7.265745,4.940488,30.463525)
ellipse(3763.9377,4013.47,4.640807,2.753111,130.30342)
ellipse(4017.438,4014.5418,4.868678,3.014012,134.4477)
ellipse(4034.6289,4015.3444,3.415488,3.086349,87.736762)
ellipse(4138.51,4014.4446,4.27813,3.964377,125.06421)
ellipse(3650.8366,4018.68,6.531614,3.291759,131.42049)
ellipse(4006.0292,4022.7078,4.310768,2.419477,84.283797)
ellipse(3977.9403,4024.3763,2.447378,2.292442,102.2552)
ellipse(3986.4693,4029.6192,4.357433,2.430846,33.72875)
ellipse(4018.2956,4029.6556,4.576565,2.810604,13.867452)
ellipse(4007.7437,4035.0611,1.891147,1.76819,89.410418)
ellipse(4115.71,4035.8881,2.650075,2.448912,137.51229)
ellipse(3946.5205,4038.5463,2.62025,2.42003,124.95858)
ellipse(3999.1106,4043.7582,2.28708,2.097188,104.28171)
ellipse(3968.5437,4046.5759,4.467087,3.416023,77.544863)
ellipse(4246.0559,4047.1386,2.72111,2.502787,2.499741)
ellipse(3988.8967,4050.9847,2.795673,2.529111,145.28776)
ellipse(4309.0065,4050.9546,3.000232,2.577939,18.181232)
ellipse(3925.8948,4053.571,3.862072,2.844589,152.69571)
ellipse(3906.4469,4056.6657,2.562814,2.253577,130.28662)
ellipse(3941.8508,4064.6295,2.83231,2.519726,114.04971)
ellipse(4018.5074,4066.5419,4.105797,2.983818,138.95478)
ellipse(4020.274,4072.7437,2.136348,1.982235,98.418851)
ellipse(4867.2067,4085.7,1.414214,0,0)
ellipse(4032.9904,4088.709,2.312433,2.140685,37.358042)
ellipse(3663.5941,4094.4027,5.723086,4.382728,129.91225)
ellipse(4747.4164,4105.5539,8.323781,6.228134,12.221624)
ellipse(4329.4567,4114.95,3.370089,2.453059,10.278023)
ellipse(4048.1206,4127.4419,2.470398,2.377081,103.54778)
ellipse(4113.0183,4130.9174,7.854183,4.149601,42.519877)
ellipse(3517.804,4134.598,9.55888,5.444014,125.67685)
ellipse(5176.54,4156.7,0,0,90)
ellipse(4663.3909,4171.8108,8.419989,5.629767,42.540972)
ellipse(3986.641,4174.1141,2.022144,1.859384,147.64932)
ellipse(3607.6733,4182.5,3.726881,3.374961,115.09721)
ellipse(3824.4172,4199.8053,4.341879,3.279441,139.92451)
ellipse(3993.8959,4209.5577,2.533799,2.507221,100.72873)
ellipse(3896.7067,4214.4,6.260658,2.99068,75.4635)
ellipse(4802.4937,4220.0333,4.026762,3.344034,50.359478)
ellipse(4807.4424,4225.2122,4.371735,3.23882,58.338214)
ellipse(4015.3708,4241.5,4.031703,2.527679,108.25927)
ellipse(4743.4882,4248.6904,10.048828,7.384809,40.930338)
ellipse(4001.14,4256.3,3.604481,1.981847,176.57861)
ellipse(3559.6133,4260.7966,8.029469,4.534597,122.24554)
ellipse(3387.6877,4271.4273,7.764225,6.292028,117.78949)
ellipse(3346.2956,4276.6667,6.125204,3.953998,129.96323)
ellipse(4842.6393,4280.0174,5.78265,4.657041,37.67479)
ellipse(3894.6474,4283.3091,3.620581,2.39524,104.36634)
ellipse(4847.2636,4285.3291,4.217696,3.723395,83.832631)
ellipse(3748.5002,4322.5167,5.164885,2.841677,112.56628)
ellipse(3758.4608,4324.3733,4.962088,2.623962,114.0656)
ellipse(4721.3385,4325.5856,11.580374,7.825797,45.963654)
ellipse(3718.1576,4340.8471,6.074161,4.393185,122.43182)
ellipse(4101.1728,4342.7208,3.273453,2.875811,76.170655)
ellipse(3819.3422,4361.4892,5.265196,3.029651,105.69759)
ellipse(4312.8971,4394.1286,5.413297,2.897446,69.057835)
ellipse(4287.0137,4399.6474,4.749495,3.376088,70.310267)
ellipse(4054.9246,4400.9308,3.855526,2.619681,121.54695)
ellipse(4425.6432,4403.3388,6.359205,4.28106,60.207647)
ellipse(3655.9606,4412.2213,8.203971,4.832397,109.42194)
ellipse(2507.8733,4431.7,4.148627,1.669999,28.154966)
ellipse(4306.1154,4451.706,5.588744,3.543378,68.067375)
ellipse(5320.04,4480.2,2.12132,0,45)
ellipse(4215.6421,4506.3936,5.750761,3.723223,71.866051)
ellipse(5314.54,4507.7,4.242641,0,45)
ellipse(4304.6434,4510.7,6.190768,3.575609,51.785217)
ellipse(4142.2067,4517.3667,4,1.414214,90)
ellipse(3476.5753,4533.3706,6.918399,5.669915,112.24631)
ellipse(5756.8733,4532.7,3.256617,1.842403,61.845034)
ellipse(4664.9573,4557.1331,10.192895,6.692274,86.622994)
ellipse(3579.9945,4578.7505,11.382631,7.249362,88.665246)
ellipse(4388.3525,4591.075,6.568601,3.135913,39.801606)
ellipse(4810.8537,4590.4843,5.437388,4.486682,36.094842)
ellipse(5085.54,4590.7,0,0,90)
ellipse(4190.04,4613.7,4.5,0,180)
ellipse(3270.04,4998.7,1.5,0,180)
ellipse(3910.5181,5147.5919,11.953469,8.932761,81.757549)
ellipse(4470.04,5172.7,3.354102,0,116.56505)
ellipse(4419.4879,5209.3458,6.843651,5.818494,44.838356)
ellipse(3753.2289,5214.8333,2.553563,2.109076,55.033544)
ellipse(3752.7483,5220.444,5.603088,5.058602,91.079768)
ellipse(4672.54,5227.2,1.5,0,90)
ellipse(4289.8733,5241.7,1.414214,0,180)
ellipse(3790.54,5312.7,3,0,90)
ellipse(4864.54,5349.45,2.397302,0.663659,151.00269)
ellipse(4320.54,5522.2,1.5,0,90)
ellipse(3545.54,5609.2,1.5,0,90)
ellipse(3746.54,5612.7,0,0,90)
ellipse(3316.54,5670.3667,2.44949,1.414214,0)
ellipse(3612.7667,5744.7133,5.980393,4.700096,115.4586)
ellipse(4288.04,5821.7,1.5,0,180)
ellipse(3828.0226,5845.995,7.507747,6.411107,87.395351)
ellipse(3835.2186,5858.7,2.661122,2.12704,93.610361)
ellipse(4782.04,5918.7,1.5,0,180)
ellipse(3655.5926,3605.9632,8.532187,6.115201,125.33594)
ellipse(3816.0956,3608.9222,5.277661,4.682315,51.497308)
ellipse(4770.609,3618.0448,6.130035,5.323926,112.96959)
ellipse(3691.9945,3679.7909,4.73395,4.070003,142.37178)
ellipse(2867.3686,3685.6714,12.607206,6.582505,31.935672)
ellipse(3693.6733,3714.9,7.426332,3.482757,139.54724)
ellipse(5207.7574,3840.2652,6.465163,3.235169,19.480528)
ellipse(4308.04,3849.95,4.593218,0.91643,44.20443)
ellipse(2786.9804,3861.2413,6.037183,5.223933,11.696373)
ellipse(4523.8257,3891.4143,9.316905,4.294203,21.411251)
ellipse(4931.4844,3955.5889,6.147303,5.879777,58.061311)
ellipse(3864.7,3997.52,6.370921,5.701698,45.421262)
ellipse(4724.2357,4064.4826,6.458126,5.012044,21.544039)
ellipse(2423.182,4116.8111,5.903718,4.954598,110.78954)
ellipse(2417.5782,4128.471,10.100355,6.979359,59.675898)
ellipse(4859.165,4170.6375,8.919199,5.473537,10.033195)
ellipse(3079.7574,4184.8739,5.579747,5.068591,66.233221)
ellipse(4468.2323,4191.8538,4.813074,4.480728,23.198591)
ellipse(3167.5808,4228.0469,8.056733,5.242189,130.599)
ellipse(4544.4567,4244.5333,6.58074,6.295345,24.223693)
ellipse(4671.8971,4251.9857,6.0133,4.074363,125.76126)
ellipse(3488.44,4268.5,8.803853,3.470184,142.28558)
ellipse(3819.8614,4321.0571,7.218455,5.509249,179.81859)
ellipse(3279.7,4334.42,6.303497,4.158116,172.67874)
ellipse(4631.3178,4364.2556,4.583428,2.601917,46.341888)
ellipse(3496.1716,4402.2263,6.758776,3.81466,148.42617)
ellipse(3914.8477,4561.4692,8.407618,3.427803,33.060807)
ellipse(4246.165,4573.325,6.385684,1.985395,37.928827)
ellipse(3311.54,4594.7,4.992373,3.328095,55.900705)
ellipse(3791.8733,5206.319,4.513026,3.591365,59.192788)
ellipse(4552.9983,5314.8667,4.903624,3.631646,4.304118)
ellipse(4586.7186,5641.8071,12.326252,4.09202,41.213609)
ellipse(4305.8733,5772.7,4.148627,1.669999,28.154966)
ellipse(4833.8733,3619.8667,4.088925,2.128542,57.756935)
ellipse(5241.6309,3713.4273,4.525212,3.141586,52.310437)
ellipse(2268.54,3995.5,4.334893,3.383594,129.34503)
ellipse(3317.14,4108.9,3.468416,1.539511,31.717474)
ellipse(3330.29,4155.7,6.695045,5.085653,14.169566)
ellipse(3009.0694,4314.8765,4.676761,3.034385,79.177782)
ellipse(3421.3178,4376.4222,6.689201,5.442031,136.4207)
ellipse(3046.54,4394.7,6.633491,4.358532,60.128219)
ellipse(5443.627,4405.0043,6.179757,4.969056,166.91126)
ellipse(3522.29,4506.6167,5.53857,5.069442,140.79609)
ellipse(4803.0855,4511.9727,7.079138,4.010505,173.55901)
ellipse(3215.44,4529.4,2.480135,1.39604,139.9329)
ellipse(3894.6829,4995.1286,3.638948,2.343662,29.285217)
ellipse(3835.9945,5293.1545,7.197951,5.127248,172.05024)
ellipse(4004.7218,5487.9727,5.553159,5.127025,174.34503)
ellipse(4341.54,5588.7,6.791129,4.569526,163.15497)
ellipse(4134.9036,3622.8818,6.532034,3.621831,83.156772)
ellipse(3318.54,3644.7,0,0,90)
ellipse(2683.54,3773.7,4.242641,0,45)
ellipse(5665.54,4228.3667,2.44949,1.414214,0)
ellipse(3971.04,5051.95,7.852228,0.883184,46.854214)
ellipse(3311.34,5132.1,5.186205,1.379594,110.74823)
ellipse(4350.04,5296.7,3.354102,0,116.56505)
ellipse(3659.54,5681.2,3.674235,1.5,63.434949)
ellipse(3794.79,5687.95,4.996236,0.955313,129.60785)
ellipse(4657.54,5854.7,3,0,180)
