# Region file format: DS9 version 4.1
global color=green dashlist=8 3 width=1 font="helvetica 10 normal roman" select=1 highlite=1 dash=0 fixed=0 edit=1 move=1 delete=1 include=1 source=1
physical
ellipse(4658.8893,3669.2463,9.860256,7.172143,52.694806)
ellipse(4676.9958,3707.0774,8.533875,7.478074,87.885704)
ellipse(4125.3032,3948.0366,2.981093,2.552692,128.71903)
ellipse(4280.93,3983.13,2.761951,2.304154,52.018122)
ellipse(4181.1283,4016.6645,2.744586,2.074405,110.7537)
ellipse(4049.9925,4057.0675,6.936427,3.167716,103.32984)
ellipse(4209.5133,4075.9633,2.291288,2,63.434949)
ellipse(4081.7938,4092.2545,5.089523,3.75135,29.554609)
ellipse(4229.68,4100.63,2.683282,2.9e-05,45)
ellipse(4090.9002,4103.1162,6.796301,5.239954,24.391998)
ellipse(4199.86,4126.55,2.371783,1.888239,45.751084)
ellipse(4057.6086,4127.9871,7.285296,2.72853,166.92376)
ellipse(4212.2633,4128.38,2.32869,1.205074,165.91071)
ellipse(4137.0133,4130.7411,4.774337,2.02351,136.70322)
ellipse(3944.7514,4182.7014,3.203026,2.522513,85.934949)
ellipse(3947.4293,4202.2223,2.849049,2.369522,97.523732)
ellipse(3985.5616,4211.5774,3.415774,2.556679,54.324769)
ellipse(4059.1345,4219.2058,2.276843,2.03834,120.07049)
ellipse(3887.3943,4229.749,2.797364,2.093786,68.731731)
ellipse(4686.68,3708.8909,9.666377,3.838135,112.85907)
ellipse(4392.0133,3798.2967,4.473687,1.409298,54.720017)
ellipse(4091.4705,4077.849,5.762062,5.037033,149.19367)
ellipse(4075.2954,4116.1172,6.387225,4.081541,26.997673)
ellipse(3545.4982,4460.5391,5.797623,2.114288,23.017054)
ellipse(3318.2452,4633.1083,7.494248,4.758313,115.42486)
ellipse(5227.68,4634.9633,2.828427,0,90)
ellipse(3547.0133,4689.2967,2,0,90)
ellipse(4398.68,5349.63,3,0,180)
