# Region file format: DS9 version 4.1
global color=green dashlist=8 3 width=1 font="helvetica 10 normal roman" select=1 highlite=1 dash=0 fixed=0 edit=1 move=1 delete=1 include=1 source=1
physical
ellipse(5924.61,2657.36,1.5,0,90)
ellipse(5450.11,2784.36,2.12132,0,45)
ellipse(5860.11,2809.36,2.12132,0,45)
ellipse(5221.11,2863.36,2.12132,0,45)
ellipse(5770.11,2886.86,1.5,0,180)
ellipse(5103.11,2920.86,3.354102,0,116.56505)
ellipse(5557.9433,2965.86,3.872983,2.236068,161.56505)
ellipse(5009.11,3011.86,1.5,0,180)
ellipse(5494.11,3043.36,2.12132,0,45)
ellipse(5339.61,3080.86,0,0,90)
ellipse(5620.11,3151.36,2.12132,0,45)
ellipse(5774.61,3161.86,0,0,90)
ellipse(5253.61,3169.86,3,0,90)
ellipse(6013.61,3169.86,0,0,90)
ellipse(5845.61,3187.86,3,0,180)
ellipse(5501.61,3214.86,3,0,90)
ellipse(5074.61,3217.86,0,0,90)
ellipse(5451.2767,3244.1933,3.900141,0.888199,73.154966)
ellipse(6183.11,3270.86,3.354102,0,116.56505)
ellipse(5559.61,3292.86,0,0,90)
ellipse(4558.61,3293.86,0,0,90)
ellipse(4853.81,3375.56,5.529946,3.761608,8.27447)
ellipse(6011.11,3412.36,2.12132,0,45)
ellipse(5947.9433,3412.5267,4.42086,1.567162,124.72198)
ellipse(4373.81,3460.86,5.474458,1.96731,102.22198)
ellipse(5906.11,3464.36,2.12132,0,45)
ellipse(4644.11,3466.36,2.12132,0,45)
ellipse(4676.11,3486.86,1.5,0,180)
ellipse(6062.61,3486.86,0,0,90)
ellipse(5084.61,3497.36,3.354102,0,153.43495)
ellipse(5363.61,3506.86,0,0,90)
ellipse(5995.61,3533.36,1.5,0,90)
ellipse(5389.61,3550.86,3,0,180)
ellipse(5356.61,3562.36,3.354102,0,153.43495)
ellipse(4503.11,3565.86,3.354102,0,116.56505)
ellipse(5322.61,3572.36,1.5,0,90)
ellipse(4628.11,3606.86,1.5,0,180)
ellipse(5814.11,3614.36,2.12132,0,45)
ellipse(5709.61,3627.86,0,0,90)
ellipse(3926.11,3630.36,2.12132,0,45)
ellipse(5354.11,3633.86,3.354102,0,63.434949)
ellipse(5793.61,3641.36,3.354102,0,26.565051)
ellipse(5824.11,3653.86,1.5,0,180)
ellipse(4114.3926,3681.8817,5.939766,3.968138,145.21378)
ellipse(5715.61,3687.36,3.354102,0,153.43495)
ellipse(5514.61,3695.36,3.354102,0,153.43495)
ellipse(3958.61,3747.36,3.354102,0,26.565051)
ellipse(4005.61,3751.36,1.5,0,90)
ellipse(4231.11,3756.86,3.354102,0,116.56505)
ellipse(4000.61,3776.86,0,0,90)
ellipse(5538.61,3787.86,3,0,180)
ellipse(5492.11,3804.86,1.5,0,180)
ellipse(3940.61,3840.86,0,0,90)
ellipse(3788.61,3870.36,1.5,0,90)
ellipse(3567.61,3877.36,1.5,0,90)
ellipse(3819.36,3891.11,4.884596,1.419763,129.05567)
ellipse(4201.61,3893.36,1.5,0,90)
ellipse(4690.2975,3921.735,9.8389,2.261419,18.643653)
ellipse(3488.61,3962.86,3,0,180)
ellipse(4934.61,3989.36,3.354102,0,153.43495)
ellipse(5236.11,3991.86,3.354102,0,63.434949)
ellipse(4143.61,3994.36,1.5,0,90)
ellipse(3930.61,3997.86,0,0,90)
ellipse(3981.9763,4002.6536,2.351859,2.150585,100.12466)
ellipse(3896.61,4004.86,0,0,90)
ellipse(4774.61,4004.36,1.5,0,90)
ellipse(5098.61,4004.86,0,0,90)
ellipse(3891.61,4033.86,3.464102,3.7e-05,45)
ellipse(3918.61,4046.5267,5.052718,0.685592,165.69477)
ellipse(3908.11,4051.86,1.5,0,180)
ellipse(3915.61,4061.86,3,0,90)
ellipse(3940.5731,4074.812,3.150043,2.794958,131.04596)
ellipse(3880.61,4075.86,0,0,90)
ellipse(4465.61,4076.86,0,0,90)
ellipse(4444.61,4077.86,0,0,90)
ellipse(3956.735,4079.6517,3.871257,2.496421,90.920508)
ellipse(4260.61,4116.36,1.5,0,90)
ellipse(4184.11,4126.36,2.12132,0,45)
ellipse(3095.61,4127.86,0,0,90)
ellipse(3910.11,4137.86,1.5,0,180)
ellipse(4109.61,4192.1933,1.414214,0,90)
ellipse(3994.11,4203.86,3.354102,0,63.434949)
ellipse(4206.61,4229.36,3.354102,0,153.43495)
ellipse(4272.61,4228.86,0,0,90)
ellipse(4381.61,4246.86,0,0,90)
ellipse(3685.01,4248.46,3.220511,2.179062,154.90279)
ellipse(3773.11,4269.36,2.12132,0,45)
ellipse(3506.61,4296.36,1.5,0,90)
ellipse(4684.61,4299.36,1.5,0,90)
ellipse(3680.9433,4303.86,4.148627,1.669999,151.84503)
ellipse(3922.985,4316.485,4.0823,1.817575,60.171624)
ellipse(3852.61,4329.86,0,0,90)
ellipse(3600.2767,4330.5267,4.42086,1.567162,55.278023)
ellipse(3937.61,4376.86,0,0,90)
ellipse(4011.61,4384.86,3,0,90)
ellipse(3939.61,4390.86,0,0,90)
ellipse(2573.2767,4404.1933,4.630368,0.748127,53.349622)
ellipse(3387.11,4412.36,2.12132,0,45)
ellipse(2606.11,4419.36,2.12132,0,45)
ellipse(4346.11,4422.86,1.5,0,180)
ellipse(4179.61,4426.86,4.242641,0,45)
ellipse(3907.11,4434.86,1.5,0,180)
ellipse(5287.11,4437.86,3.354102,0,63.434949)
ellipse(3008.11,4442.36,2.12132,0,45)
ellipse(4233.61,4453.36,3.354102,0,26.565051)
ellipse(4315.61,4453.0029,2.426723,1.710947,149.87244)
ellipse(2574.9433,4456.1933,2.933522,1.180868,16.845034)
ellipse(3913.41,4486.46,4.209399,3.328808,114.69935)
ellipse(4044.61,4499.86,3,0,90)
ellipse(3756.11,4501.86,1.5,0,180)
ellipse(3218.11,4507.86,1.5,0,180)
ellipse(4289.11,4510.485,6.667496,2.214468,62.212294)
ellipse(2871.11,4542.86,1.5,0,180)
ellipse(3761.11,4577.86,3.354102,0,116.56505)
ellipse(2770.61,4596.36,3.354102,0,153.43495)
ellipse(2543.11,4637.36,2.12132,0,45)
ellipse(3898.61,4637.86,0,0,90)
ellipse(2343.9433,4744.1933,3.97621,0.435603,70.097214)
ellipse(2467.61,4749.86,3,0,180)
ellipse(3619.11,4750.86,3.354102,0,116.56505)
ellipse(2963.61,4805.86,3,0,90)
ellipse(3101.61,4851.36,1.5,0,90)
ellipse(3354.61,4851.86,3,0,180)
ellipse(4957.61,4892.86,3,0,90)
ellipse(5148.11,4910.86,3.354102,0,63.434949)
ellipse(5698.2767,4916.5267,1.732051,1,45)
ellipse(3257.11,4951.86,1.5,0,180)
ellipse(2982.11,4953.36,2.12132,0,45)
ellipse(5033.11,4971.86,1.5,0,180)
ellipse(4406.1814,4994.6993,5.442752,4.957844,99.016422)
ellipse(3175.11,4996.86,3.354102,0,116.56505)
ellipse(4582.11,5102.86,1.5,0,180)
ellipse(4569.4989,5209.4156,6.29215,4.638961,157.25089)
ellipse(4547.8044,5210.1378,4.283291,3.445097,85.435453)
ellipse(4537.9017,5213.3183,5.885931,5.761907,109.42669)
ellipse(4552.3985,5217.6869,7.288214,5.98861,61.892036)
ellipse(3857.61,5253.86,3,0,180)
ellipse(5007.61,5292.36,1.5,0,90)
ellipse(2798.11,5305.86,3.354102,0,116.56505)
ellipse(5613.61,5321.36,3.354102,0,26.565051)
ellipse(4616.61,5408.36,1.5,0,90)
ellipse(4780.61,5427.1933,2.757816,0.628052,28.154966)
ellipse(5318.11,5437.36,2.12132,0,45)
ellipse(5315.2767,5523.5267,1.732051,1,45)
ellipse(3932.61,5560.86,3,0,180)
ellipse(3774.61,5564.36,1.5,0,90)
ellipse(4247.81,5619.46,7.384708,2.581877,172.14568)
ellipse(4250.3243,5627.0743,6.39363,2.959602,61.697366)
ellipse(4150.61,5757.36,1.5,0,90)
ellipse(4658.61,5767.86,0,0,90)
ellipse(4276.11,5951.36,2.12132,0,45)
ellipse(4389.11,5977.86,1.5,0,180)
ellipse(4407.9433,6017.5267,1.732051,1,45)
ellipse(3757.61,4758.5267,4.306275,1.206647,10.278023)
ellipse(4538.9433,3629.1933,2.933522,1.180868,16.845034)
ellipse(4641.01,4287.46,4.279227,2.758299,156.13684)
ellipse(4286.61,5013.86,3.464102,0,45)
ellipse(3170.61,4363.86,3,0,90)
ellipse(4157.61,5485.86,0,0,90)
ellipse(4730.9433,5627.1933,4.630368,0.748127,126.65038)
