# Region file format: DS9 version 4.1
global color=green dashlist=8 3 width=1 font="helvetica 10 normal roman" select=1 highlite=1 dash=0 fixed=0 edit=1 move=1 delete=1 include=1 source=1
physical
ellipse(5233.9257,3419.1414,2.77746,2.010178,71.565051)
ellipse(3816.8471,3634.4761,7.938387,5.811117,78.882114)
ellipse(3393.9352,3814.8986,10.181014,8.106751,58.45636)
ellipse(3686.5579,4065.9544,6.112991,4.021635,48.283145)
ellipse(4324.5775,4134.945,3.94044,1.317063,154.13603)
ellipse(4608.29,4169.47,4.828209,3.456284,89.319386)
ellipse(4034.6532,4171.1621,2.58796,2.029604,116.05947)
ellipse(4030.3459,4250.8053,2.689191,1.245093,6.332532)
ellipse(4432.7326,4273.4774,6.234748,2.511361,139.41602)
ellipse(4704.8729,4276.7207,8.278354,5.732243,5.668266)
ellipse(3833.8347,4288.6842,5.23433,3.45649,27.816174)
ellipse(4351.8067,4310.57,3.071486,1.953452,73.862178)
ellipse(3777.2233,4402.57,5.391489,4.076684,151.24663)
ellipse(4057.4196,4479.3334,6.120781,3.528446,1.363878)
ellipse(4660.64,4554.57,0,0,90)
ellipse(3217.8505,3150.57,6.123575,5.10395,48.376787)
ellipse(4979.39,3340.9867,4.5,3.482097,164.74488)
ellipse(3567.7576,3586.1582,6.352274,4.69648,114.84746)
ellipse(4068.44,3777.37,5.862984,2.122598,172.31187)
ellipse(3622.0642,3810.5094,6.501963,4.869081,71.116189)
ellipse(4979.1805,3992.2457,8.688386,4.955526,111.54281)
ellipse(3568.2829,4089.4271,5.455073,4.853185,75.863982)
ellipse(4656.24,4109.47,7.494434,3.406385,0.694358)
ellipse(5030.14,4220.07,5.553689,0.810272,103.28253)
ellipse(4911.0844,4403.1256,8.914913,4.355315,66.979187)
ellipse(4905.9582,4406.2064,4.670429,2.601476,172.99047)
ellipse(4625.015,4571.4137,5.931748,4.878296,144.57407)
ellipse(4005.265,4585.32,5.175559,2.502091,119.08053)
ellipse(4576.7881,4757.57,5.777127,4.053057,6.825789)
ellipse(3971.3067,2990.9033,6.61881,1.48032,117.3912)
ellipse(5152.0844,3165.2367,6.434987,4.451198,75.200687)
ellipse(5306.2554,3457.8008,9.779812,4.010373,139.19522)
ellipse(4918.39,3509.32,6.019229,1.773099,107.65561)
ellipse(3593.3067,3528.9033,7.096479,2.764053,73.712971)
ellipse(3891.44,3604.97,4.242641,3.286335,116.56505)
ellipse(3101.44,3970.77,6.632651,4.481958,116.47876)
ellipse(3363.64,3998.1256,7.448458,3.277606,10.477888)
ellipse(5219.7114,4270.07,6.967017,4.458593,89.357367)
ellipse(4656.89,4476.945,4.919015,3.949704,1.875865)
ellipse(4630.4733,4629.57,5.835821,1.786951,141.793)
ellipse(4131.44,2444.47,8.097563,4.612967,160.92466)
ellipse(3173.14,4136.57,1.5,0,180)
ellipse(5123.64,4156.57,0,0,90)
ellipse(5102.9733,4584.9033,5.291503,0,45)
