# Region file format: DS9 version 4.1
global color=green dashlist=8 3 width=1 font="helvetica 10 normal roman" select=1 highlite=1 dash=0 fixed=0 edit=1 move=1 delete=1 include=1 source=1
physical
ellipse(4322.52,2876.99,0,0,90)
ellipse(3721.52,2950.99,3,0,180)
ellipse(4326.52,2960.99,0,0,90)
ellipse(4073.52,3055.49,1.5,0,90)
ellipse(3867.52,3152.49,1.5,0,90)
ellipse(4153.27,3330.74,4.700461,1.944393,68.744776)
ellipse(4262.02,3402.49,2.12132,0,45)
ellipse(4120.02,3501.99,3.354102,0,116.56505)
ellipse(3794.02,3566.39,5.59408,3.019315,97.046318)
ellipse(4320.52,3587.99,0,0,90)
ellipse(4420.02,3596.49,2.12132,0,45)
ellipse(4495.27,3615.99,4.810077,3.814532,74.196249)
ellipse(4327.52,3652.99,0,0,90)
ellipse(3871.02,3709.49,2.12132,0,45)
ellipse(4148.8533,3890.99,1.414214,0,180)
ellipse(4520.02,3961.99,1.5,0,180)
ellipse(3984.52,3966.49,3.354102,0,26.565051)
ellipse(3642.52,3966.99,0,0,90)
ellipse(4539.8533,3986.99,2.828427,0,180)
ellipse(3724.52,4000.49,3.354102,0,153.43495)
ellipse(3814.02,4010.99,3.354102,0,116.56505)
ellipse(3854.1867,4025.99,2.757816,0.628052,118.15497)
ellipse(3620.52,4032.4344,4.991881,3.362045,103.07342)
ellipse(4104.02,4032.99,3.354102,0,63.434949)
ellipse(4558.52,4033.6567,3.61701,0.957725,130.26884)
ellipse(4341.02,4056.99,3.354102,0,116.56505)
ellipse(3659.1867,4081.3233,3.97621,0.435603,109.90279)
ellipse(4321.5315,4101.8231,3.162577,2.442086,1.080488)
ellipse(4067.52,4120.99,3,0,180)
ellipse(3955.8533,4124.99,1.414214,0,180)
ellipse(3945.0914,4128.5614,3.152114,1.478725,177.27983)
ellipse(4424.52,4151.99,3,0,180)
ellipse(4520.52,4164.99,0,0,90)
ellipse(3962.02,4166.99,3.354102,0,116.56505)
ellipse(3760.02,4169.49,2.12132,0,45)
ellipse(3950.02,4245.99,3.354102,0,116.56505)
ellipse(3896.1867,4248.7995,3.415573,1.92915,55.381382)
ellipse(3684.9674,4249.9637,7.714849,4.044482,64.681378)
ellipse(3634.02,4267.99,3.354102,0,116.56505)
ellipse(4317.52,4268.99,2.44949,0,180)
ellipse(5187.52,4282.99,3,0,90)
ellipse(4300.8533,4294.9233,4.119777,1.894053,33.940319)
ellipse(3878.52,4303.6567,4.148627,1.669999,61.845034)
ellipse(4325.52,4316.99,0,0,90)
ellipse(4111.52,4327.49,3.354102,0,153.43495)
ellipse(3698.1867,4328.99,4.148627,1.669999,151.84503)
ellipse(6011.02,4342.49,2.12132,0,45)
ellipse(5378.52,4346.99,3,0,90)
ellipse(3671.52,4360.49,2.598076,2.598076,45)
ellipse(3673.77,4365.74,1.5,1.06066,45)
ellipse(3603.02,4366.99,3.354102,0,63.434949)
ellipse(5286.02,4421.99,1.5,0,180)
ellipse(6347.02,4431.99,3.354102,0,116.56505)
ellipse(3706.52,4469.99,3,0,90)
ellipse(4480.02,4472.49,2.12132,0,45)
ellipse(5085.8533,4484.3233,3.821721,2.719274,16.845034)
ellipse(4537.02,4489.99,3.354102,0,63.434949)
ellipse(4493.02,4507.49,2.12132,0,45)
ellipse(4179.02,4515.99,1.5,0,180)
ellipse(4478.52,4517.99,3,0,180)
ellipse(6185.52,4534.99,3,0,180)
ellipse(4089.52,4536.49,1.5,0,90)
ellipse(6587.52,4559.99,2.44949,0,90)
ellipse(4251.3533,4561.0733,4.843219,1.995176,60.33998)
ellipse(6642.8533,4562.99,2.44949,1.414214,90)
ellipse(5342.52,4565.6567,1.414214,0,90)
ellipse(6633.8533,4568.99,2.44949,1.414214,90)
ellipse(4318.52,4573.99,3,0,90)
ellipse(6662.52,4585.99,0,0,90)
ellipse(5025.02,4587.49,2.12132,0,45)
ellipse(6472.02,4595.49,2.12132,0,45)
ellipse(5801.1867,4617.99,4.898979,1.414214,90)
ellipse(6661.8533,4618.3233,1.732051,1,90)
ellipse(4317.52,4634.99,0,0,90)
ellipse(4325.52,4641.99,0,0,90)
ellipse(5725.52,4642.99,0,0,90)
ellipse(5547.52,4663.99,0,0,90)
ellipse(4500.52,4670.49,3.354102,0,153.43495)
ellipse(4165.52,4671.6567,3.61701,0.957725,130.26884)
ellipse(4237.02,4685.99,1.5,0,180)
ellipse(6896.52,4750.49,3.354102,0,153.43495)
ellipse(3800.3533,4794.9483,3.622722,2.546617,87.299011)
ellipse(5313.52,4801.99,2.44949,0,180)
ellipse(6451.1867,4802.3233,4.582576,2.645751,45)
ellipse(6763.52,4828.99,0,0,90)
ellipse(3648.02,4837.99,3.354102,0,116.56505)
ellipse(3552.02,4848.99,3.354102,0,116.56505)
ellipse(5285.8533,4865.3233,5.291503,6.8e-05,45)
ellipse(6795.52,4879.99,3,0,180)
ellipse(6768.52,4883.99,5.477226,4.7e-05,63.434949)
ellipse(6714.1867,4892.6567,2.933522,1.180868,73.154966)
ellipse(4901.52,4896.99,0,0,90)
ellipse(4240.02,4908.49,2.12132,0,45)
ellipse(6697.52,4921.3233,1.414214,0,90)
ellipse(3610.52,4926.99,3,0,180)
ellipse(5381.1867,4972.6567,4.630368,0.748127,143.34962)
ellipse(6725.52,4976.49,1.5,0,90)
ellipse(6244.52,4977.99,0,0,90)
ellipse(4980.52,5018.99,0,0,90)
ellipse(3907.02,5024.99,3.354102,0,116.56505)
ellipse(6375.52,5032.49,1.5,0,90)
ellipse(6167.52,5039.49,3.354102,0,26.565051)
ellipse(3903.52,5042.99,3,0,90)
ellipse(4361.1867,5058.3233,5.196152,1,45)
ellipse(5152.52,5077.99,3,0,180)
ellipse(6353.02,5082.49,2.12132,0,45)
ellipse(5390.52,5094.99,0,0,90)
ellipse(6477.02,5112.99,1.5,0,180)
ellipse(6566.52,5119.99,0,0,90)
ellipse(6294.52,5149.49,1.5,0,90)
ellipse(4210.52,5158.99,3,0,90)
ellipse(6585.02,5162.99,3.354102,0,63.434949)
ellipse(3968.52,5194.99,3,0,180)
ellipse(6296.02,5196.99,3.354102,0,116.56505)
ellipse(6319.52,5205.99,3,0,180)
ellipse(6622.02,5214.99,1.5,0,180)
ellipse(6554.3533,5229.1567,4.389839,4.028562,4.731161)
ellipse(6531.1867,5229.99,2.757816,0.628052,61.845034)
ellipse(6567.02,5246.24,2.643623,1.203644,168.01875)
ellipse(6617.02,5257.99,1.5,0,180)
ellipse(6522.92,5267.89,6.656725,3.295149,25.393255)
ellipse(6579.12,5267.99,4.524084,1.814569,28.488066)
ellipse(6547.77,5283.74,3.354102,3.181981,45)
ellipse(6599.72,5284.99,4.940658,1.493284,141.56701)
ellipse(6375.52,5325.99,3,0,180)
ellipse(6461.52,5332.99,0,0,90)
ellipse(6521.52,5351.99,3,0,90)
ellipse(3652.52,5439.99,0,0,90)
ellipse(4177.02,5475.49,2.12132,0,45)
ellipse(3957.52,5709.49,3.354102,0,153.43495)
ellipse(3750.52,5727.49,1.5,0,90)
ellipse(4087.52,5765.99,3,0,90)
ellipse(3398.02,5910.49,2.12132,0,45)
ellipse(4386.52,5917.99,0,0,90)
ellipse(3528.52,6013.99,0,0,90)
ellipse(4322.52,6128.99,0,0,90)
ellipse(4325.52,6291.99,0,0,90)
ellipse(3343.52,6469.99,0,0,90)
ellipse(4316.52,6579.99,0,0,90)
ellipse(4324.52,6708.99,0,0,90)
ellipse(4313.52,6777.49,3.354102,0,26.565051)
ellipse(3579.52,6784.49,3.354102,0,26.565051)
ellipse(4181.52,6832.99,0,0,90)
ellipse(4381.02,3255.49,2.12132,0,45)
ellipse(4010.52,3100.49,1.5,0,90)
ellipse(5379.8533,4982.99,6.138529,0.564321,127.23794)
ellipse(3509.52,4824.99,0,0,90)
