# Region file format: DS9 version 4.1
global color=green dashlist=8 3 width=1 font="helvetica 10 normal roman" select=1 highlite=1 dash=0 fixed=0 edit=1 move=1 delete=1 include=1 source=1
physical
ellipse(4330.0318,3237.5355,6.807648,4.245858,39.927082)
ellipse(4336.3594,3242.8249,6.125183,4.305704,18.872169)
ellipse(4253.85,3817.99,2.12132,1.299038,0)
ellipse(4291.5167,3826.0733,3.206274,1.403498,52.854319)
ellipse(4376.2618,3842.7694,4.920955,3.459922,67.087829)
ellipse(4387.6921,3908.3979,5.569535,2.535009,50.552449)
ellipse(4245.6833,3935.24,2.536538,0.903313,73.862178)
ellipse(3981.925,3984.19,3.761011,2.409703,177.13509)
ellipse(4380.85,4279.5733,1.414214,0,90)
ellipse(4120.85,4390.74,2.427051,0.927051,148.28253)
ellipse(3409.1833,2455.9067,3.97621,0.435603,160.09721)
ellipse(3600.7591,3717.0582,5.111241,1.943205,168.85142)
ellipse(4161.7071,3770.3829,4.254876,1.449177,40.376944)
ellipse(3701.9333,3881.5733,6.090502,4.253621,8.412803)
ellipse(3613.7071,4133.0971,2.535463,2.461955,59.036243)
ellipse(3862.69,4615.08,5.950218,5.0333,109.07401)
ellipse(3246.85,2899.24,0,0,90)
ellipse(4089.65,2951.24,3.286335,2.244994,90)
ellipse(4249.35,3232.14,6.370316,4.059442,34.496605)
ellipse(4294.45,3310.64,5.531727,1.587451,45)
ellipse(4448.85,3570.5733,2.828427,0,90)
ellipse(3486.6833,3634.74,6.998866,4.185198,112.82187)
ellipse(4194.1833,4467.74,4.757313,1.618015,147.96245)
ellipse(3803.85,4479.24,4.776678,1.087817,28.154966)
ellipse(4105.35,4655.24,1.5,0,180)
ellipse(4334.0167,4777.5733,6.440918,3.970462,97.896202)
ellipse(4867.1132,4898.2926,9.337357,3.547761,55.271299)
ellipse(3342.85,4951.24,0,0,90)
ellipse(3108.5167,2697.5733,3.900141,0.888199,16.845034)
ellipse(2874.85,3782.24,0,0,90)
ellipse(2953.1833,3807.5733,5.51848,1.883182,155.99361)
ellipse(4564.85,4847.99,4.242641,1.299038,0)
ellipse(3986.5167,4876.24,3.872983,2.236068,18.434949)
