# Region file format: DS9 version 4.1
global color=green dashlist=8 3 width=1 font="helvetica 10 normal roman" select=1 highlite=1 dash=0 fixed=0 edit=1 move=1 delete=1 include=1 source=1
physical
ellipse(5625.11,2489.54,2.12132,0,45)
ellipse(5718.9433,2513.3733,3.900141,0.888199,163.15497)
ellipse(5586.11,2540.04,1.5,0,180)
ellipse(5664.61,2570.54,3.354102,0,153.43495)
ellipse(5702.61,2582.04,4.242641,0,45)
ellipse(5634.61,2616.04,0,0,90)
ellipse(5703.61,2626.54,1.5,0,90)
ellipse(5677.61,2630.54,1.5,0,90)
ellipse(5520.11,2639.54,2.12132,0,45)
ellipse(5501.61,2650.7067,2.757816,0.628052,28.154966)
ellipse(5607.61,2675.04,3,1.732051,45)
ellipse(5417.61,2677.54,1.5,0,90)
ellipse(5772.61,2678.54,1.5,0,90)
ellipse(5416.61,2690.7067,2.828427,0,90)
ellipse(5591.9433,2697.3733,4.630368,0.748127,126.65038)
ellipse(5656.61,2698.7067,4.148627,1.669999,61.845034)
ellipse(5624.11,2706.04,3.842329,2.342329,142.01812)
ellipse(5487.11,2719.54,2.12132,0,45)
ellipse(5635.61,2719.04,0,0,90)
ellipse(5474.9433,2731.3733,2.933522,1.180868,73.154966)
ellipse(5606.2767,2738.7067,2.933522,1.180868,16.845034)
ellipse(5485.2767,2745.7067,2.933522,1.180868,16.845034)
ellipse(5630.61,2753.3733,3.61701,0.957725,130.26884)
ellipse(5530.9433,2758.04,3.61701,0.957725,40.268839)
ellipse(5334.61,2780.04,3,0,180)
ellipse(5561.11,2804.04,1.5,0,180)
ellipse(5355.2767,2814.7067,3.464102,2,45)
ellipse(5259.61,2819.04,0,0,90)
ellipse(5343.61,2898.7067,1.414214,0,90)
ellipse(5528.61,2899.54,1.5,0,90)
ellipse(5271.61,2927.7067,4.148627,1.669999,61.845034)
ellipse(5457.61,2945.3733,2.828427,0,90)
ellipse(5293.9433,2951.7067,3.162278,0,26.565051)
ellipse(5324.11,2966.04,1.5,0,180)
ellipse(5214.9433,2991.7067,2.933522,1.180868,106.84503)
ellipse(5434.11,2993.54,2.12132,0,45)
ellipse(5203.2767,2994.7067,1.732051,1,90)
ellipse(5297.11,2994.54,2.12132,0,45)
ellipse(5261.9433,2999.7067,1.732051,1,45)
ellipse(5062.9433,3019.3733,3.464102,2,45)
ellipse(5141.11,3026.04,1.5,0,180)
ellipse(5270.86,3035.79,4.439696,2.482761,2.381821)
ellipse(5380.61,3044.7067,3.741657,0,90)
ellipse(5020.61,3057.04,0,0,90)
ellipse(5178.9433,3061.3733,3.900141,0.888199,163.15497)
ellipse(5019.9433,3075.04,3.741657,0,0)
ellipse(5145.9433,3075.04,4.148627,1.669999,151.84503)
ellipse(5338.61,3088.54,3.354102,0,153.43495)
ellipse(4982.2767,3096.7067,3.97621,0.435603,19.902786)
ellipse(5090.2767,3113.04,4.455206,0.38877,33.018756)
ellipse(5072.2767,3114.3733,1.732051,1,45)
ellipse(5247.36,3118.29,2.501349,1.272106,82.981878)
ellipse(5248.2767,3128.7067,2,0,45)
ellipse(5024.9433,3129.3733,4,3.4e-05,45)
ellipse(5272.9433,3135.04,2.757816,0.628052,118.15497)
ellipse(5012.61,3144.04,0,0,90)
ellipse(5000.2767,3188.3733,3.97621,0.435603,160.09721)
ellipse(5165.11,3202.54,2.12132,0,45)
ellipse(5106.61,3215.04,0,0,90)
ellipse(5052.2767,3227.7067,3.464102,2,45)
ellipse(5128.61,3239.3733,3.741657,0,90)
ellipse(5055.81,3239.84,4.40361,2.947578,144.82691)
ellipse(5009.11,3331.54,2.12132,0,45)
ellipse(4752.61,3361.04,3,0,90)
ellipse(4811.61,3383.54,1.5,0,90)
ellipse(4713.61,3459.04,3,0,180)
ellipse(4626.61,3482.04,3,0,90)
ellipse(4808.61,3489.04,0,0,90)
ellipse(4710.61,3496.54,1.5,0,90)
ellipse(4903.61,3499.04,0,0,90)
ellipse(4838.11,3500.29,4.683748,0,123.69007)
ellipse(4823.61,3505.04,3,0,180)
ellipse(4602.11,3511.54,2.12132,0,45)
ellipse(4636.61,3543.04,0,0,90)
ellipse(4533.61,3546.04,0,0,90)
ellipse(4551.61,3568.04,0,0,90)
ellipse(4539.9433,3635.04,2.828427,2.44949,0)
ellipse(4666.4562,3668.3477,2.739804,1.972289,83.186503)
ellipse(4656.2622,3669.5835,8.044898,6.952467,68.367852)
ellipse(4448.61,3671.04,3,0,90)
ellipse(4421.61,3684.04,3,0,90)
ellipse(4702.41,3697.64,3.620032,2.212548,82.372441)
ellipse(4696.01,3699.64,3.593297,1.486006,35.173088)
ellipse(4479.61,3715.54,1.5,0,90)
ellipse(4446.11,3719.54,2.12132,0,45)
ellipse(4463.61,3738.04,4.242641,0,45)
ellipse(4521.11,3790.04,3.354102,0,63.434949)
ellipse(4420.86,3801.79,3.738647,1.70221,56.981245)
ellipse(4340.11,3863.54,2.12132,0,45)
ellipse(4476.61,3875.04,3,0,180)
ellipse(4387.11,3942.04,1.5,0,180)
ellipse(4066.11,3945.04,1.5,0,180)
ellipse(4125.3756,3948.6291,2.809819,2.439864,132.64891)
ellipse(4280.61,3983.04,3,0,90)
ellipse(4202.61,3989.54,2.12132,1.5,0)
ellipse(4181.3878,4017.4844,2.124248,1.505107,139.26538)
ellipse(4097.11,4029.04,1.5,0,180)
ellipse(4242.11,4031.04,1.5,0,180)
ellipse(4228.11,4034.04,1.5,0,180)
ellipse(4331.0386,4044.6114,4.223954,2.136908,82.789613)
ellipse(4268.11,4055.29,4.445198,1.47571,93.67619)
ellipse(4067.61,4057.9686,5.701422,3.03868,121.06018)
ellipse(4074.7404,4059.3878,6.825334,4.956223,132.65126)
ellipse(4049.5191,4060.1309,5.034767,2.977582,26.720183)
ellipse(4084.4989,4066.4844,5.205508,3.607464,49.768318)
ellipse(4099.2767,4078.04,6.639359,3.827034,76.796612)
ellipse(4086.6814,4078.04,2.610264,2.314064,59.089295)
ellipse(4055.5715,4082.4631,6.681436,4.934525,0.413524)
ellipse(4080.9243,4084.3829,4.484584,3.999839,147.29821)
ellipse(3963.61,4086.04,0,0,90)
ellipse(3989.11,4088.04,1.5,0,180)
ellipse(4090.4924,4090.7459,4.704487,3.320168,128.90401)
ellipse(4266.7767,4088.7067,2.291288,1,104.03624)
ellipse(4082.0101,4092.9412,4.186456,3.288889,30.377543)
ellipse(4224.61,4094.04,2.44949,0,90)
ellipse(4110.2767,4094.9567,4.764608,3.998251,127.72321)
ellipse(4069.8433,4096.6733,8.591331,5.97403,21.234912)
ellipse(4044.21,4097.84,3.428364,1.626751,125.78253)
ellipse(4231.11,4100.9289,3.946905,2.92589,119.38198)
ellipse(4090.5218,4104.79,6.559385,4.197775,128.48443)
ellipse(4081.2416,4106.8032,6.597603,3.506824,138.91709)
ellipse(3956.01,4106.04,3.6,0,0)
ellipse(4125.21,4106.24,4.615976,1.973008,14.872441)
ellipse(4060.8322,4110.04,6.809394,3.344803,42.099688)
ellipse(4003.01,4112.24,4.083729,3.481833,170.78253)
ellipse(4081.1617,4113.6952,4.910152,3.611949,67.695947)
ellipse(3922.61,4114.54,1.5,0,90)
ellipse(4076.49,4116.88,4.512139,3.36461,131.89039)
ellipse(4199.8183,4127.1442,2.390694,2.36829,94.213484)
ellipse(4212.5191,4129.3127,3.319218,1.722284,13.756001)
ellipse(4137.7767,4130.2067,3.511332,2.273883,147.38757)
ellipse(4022.61,4143.6114,5.164335,3.755683,71.062508)
ellipse(3893.61,4147.04,0,0,90)
ellipse(4091.11,4148.04,1.5,0,180)
ellipse(4112.61,4152.7067,2.44949,1.414214,180)
ellipse(3945.4924,4183.2165,3.282655,2.042615,167.44258)
ellipse(4043.2767,4191.3733,2,4.3e-05,90)
ellipse(4014.11,4193.04,1.5,0,180)
ellipse(3947.6289,4202.8325,3.218003,2.357001,0.4207)
ellipse(4051.2767,4209.3733,3.97621,0.435603,160.09721)
ellipse(3985.97,4212.4,2.390454,1.957787,8.454636)
ellipse(4059.3183,4219.79,2.960034,1.945527,35.185188)
ellipse(3887.4671,4230.3587,3.442996,1.965011,92.027267)
ellipse(3793.11,4234.54,2.12132,0,45)
ellipse(4001.86,4251.29,1.5,1.06066,90)
ellipse(3966.61,4276.04,3,0,90)
ellipse(3768.11,4279.04,1.5,0,180)
ellipse(3962.61,4286.04,0,0,90)
ellipse(5202.61,4335.04,3,0,180)
ellipse(5172.61,4358.04,0,0,90)
ellipse(5132.61,4400.04,0,0,90)
ellipse(3709.61,4435.04,3.464102,3.7e-05,45)
ellipse(3778.9433,4448.7067,4.630368,0.748127,53.349622)
ellipse(3545.61,4464.1511,5.201892,3.978594,31.46396)
ellipse(5298.2767,4464.7067,3.97621,0.435603,70.097214)
ellipse(3885.11,4472.04,3.354102,0,116.56505)
ellipse(5333.61,4479.04,3,0,90)
ellipse(3685.2767,4483.04,2.44949,1.414214,90)
ellipse(3589.2767,4485.04,4.148627,1.669999,28.154966)
ellipse(3506.11,4501.04,1.5,0,180)
ellipse(3811.9433,4524.7067,2.933522,1.180868,163.15497)
ellipse(3695.9433,4533.7067,2,7.8e-05,90)
ellipse(3580.61,4584.04,0,0,90)
ellipse(3640.61,4585.54,3.927051,0.572949,121.71747)
ellipse(3694.86,4614.54,4.445198,1.47571,176.32381)
ellipse(5262.61,4624.54,1.5,0,90)
ellipse(3532.9433,4627.3733,5.291503,2.2e-05,45)
ellipse(5437.61,4696.04,0,0,90)
ellipse(5563.61,4711.7067,3.61701,0.957725,130.26884)
ellipse(3375.61,4754.54,1.5,0,90)
ellipse(3484.11,4756.04,3.354102,0,63.434949)
ellipse(5376.9433,4762.7067,3.900141,0.888199,16.845034)
ellipse(3494.61,4774.3733,4.148627,1.669999,61.845034)
ellipse(5359.11,4775.04,3.354102,0,63.434949)
ellipse(3247.61,4789.04,0,0,90)
ellipse(3449.61,4801.3733,1.414214,0,90)
ellipse(5486.61,4806.04,0,0,90)
ellipse(5414.61,4807.54,1.5,0,90)
ellipse(3498.61,4812.04,0,0,90)
ellipse(5647.11,4812.04,1.5,0,180)
ellipse(3306.11,4813.04,1.5,0,180)
ellipse(5615.61,4826.04,3,0,90)
ellipse(3305.61,4834.54,1.5,0,90)
ellipse(5722.11,4870.04,1.5,0,180)
ellipse(3137.61,4871.04,3,0,90)
ellipse(5646.11,4880.54,2.12132,0,45)
ellipse(3122.11,4885.04,3.354102,0,116.56505)
ellipse(5552.61,4902.7067,2.757816,0.628052,151.84503)
ellipse(3360.61,4942.04,0,0,90)
ellipse(3150.61,4947.04,3,0,90)
ellipse(5836.86,4959.29,4.884596,1.419763,50.944329)
ellipse(4427.11,4986.54,2.12132,0,45)
ellipse(3098.61,5084.04,0,0,90)
ellipse(4425.11,5085.04,3.354102,0,116.56505)
ellipse(3086.61,5122.54,3.354102,0,153.43495)
ellipse(4584.61,5177.04,3,0,90)
ellipse(4412.11,5192.54,2.12132,0,45)
ellipse(3081.61,5208.54,3.354102,0,153.43495)
ellipse(2951.61,5251.04,0,0,90)
ellipse(2879.61,5257.04,0,0,90)
ellipse(2981.61,5261.54,1.5,0,90)
ellipse(2702.11,5322.04,1.5,0,180)
ellipse(2741.11,5382.04,1.5,0,180)
ellipse(2837.61,5386.54,3.354102,0,26.565051)
ellipse(4815.61,5434.54,3.354102,0,153.43495)
ellipse(4793.61,5479.54,1.5,0,90)
ellipse(4859.61,5493.54,3.354102,0,153.43495)
ellipse(4849.9433,5520.7067,3.752701,1.384643,85.268839)
ellipse(4874.11,5544.04,3.354102,0,63.434949)
ellipse(4753.61,5591.54,1.5,0,90)
ellipse(4862.61,5625.54,3.354102,0,153.43495)
ellipse(4796.11,5684.04,1.5,0,180)
ellipse(4846.61,5711.04,0,0,90)
ellipse(4907.9433,5716.7067,3.464102,2,45)
ellipse(4408.01,3653.04,2.901493,2.131042,55.900705)
ellipse(4676.485,3705.54,4.5,3.805834,128.65981)
ellipse(5231.61,4632.04,0,0,90)
