# Region file format: DS9 version 4.1
global color=green dashlist=8 3 width=1 font="helvetica 10 normal roman" select=1 highlite=1 dash=0 fixed=0 edit=1 move=1 delete=1 include=1 source=1
physical
ellipse(5780.59,2635.67,3.354102,0,116.56505)
ellipse(5854.09,2636.17,1.5,0,90)
ellipse(5744.4233,2654.3367,1.732051,1,45)
ellipse(5684.4233,2702.3367,1.732051,1,45)
ellipse(5884.7567,2742.67,2.757816,0.628052,61.845034)
ellipse(5795.7567,2794.0033,3.162278,0,26.565051)
ellipse(5722.7567,2795.0033,2,0,90)
ellipse(5773.7567,2815.3367,3.752701,1.384643,175.26884)
ellipse(5606.4233,2820.3367,4,0,90)
ellipse(5773.59,2852.67,1.5,0,180)
ellipse(5507.89,2856.87,4.456005,2.867756,10.900705)
ellipse(5589.7567,2862.3367,2.933522,1.180868,73.154966)
ellipse(5728.09,2866.67,3,0,90)
ellipse(5512.59,2874.67,3.674235,2.598076,90)
ellipse(5574.4233,2877.0033,3.97621,0.435603,19.902786)
ellipse(5579.09,2885.17,1.5,0,90)
ellipse(5716.84,2891.42,4.584062,0.601143,104.67888)
ellipse(5619.84,2896.17,4.838382,1.739989,25.29967)
ellipse(5577.2567,2907.3367,6.113392,2.208267,53.729601)
ellipse(5530.09,2912.0033,2.44949,1.414214,180)
ellipse(5601.09,2914.67,3,1.732051,45)
ellipse(5498.4233,2917.67,4.455206,0.38877,33.018756)
ellipse(5626.59,2942.67,1.5,0,180)
ellipse(5782.59,2943.67,3.354102,0,63.434949)
ellipse(5624.7567,2961.0033,4.630368,0.748127,36.650378)
ellipse(5402.59,2963.42,2.761951,2.304154,37.981878)
ellipse(5453.34,2980.42,4.655088,2.050647,142.46571)
ellipse(5485.59,3013.67,1.5,0,180)
ellipse(5665.09,3020.67,0,0,90)
ellipse(5648.7567,3030.3367,4.582576,2.645751,45)
ellipse(5365.59,3033.67,1.5,0,180)
ellipse(5429.59,3073.17,2.12132,0,45)
ellipse(5450.09,3087.42,3.8064,0.835955,140.88414)
ellipse(5206.4233,3100.3367,3.464102,2,45)
ellipse(5476.4233,3110.3367,4,0,90)
ellipse(5565.59,3110.67,1.5,0,180)
ellipse(5382.29,3122.47,4.456005,2.867756,10.900705)
ellipse(5224.09,3144.0033,2.44949,1.414214,180)
ellipse(5114.09,3158.67,0,0,90)
ellipse(5188.4233,3161.67,2.757816,0.628052,118.15497)
ellipse(5168.09,3165.42,3.7599,2.355983,164.19625)
ellipse(5363.59,3194.67,1.5,0,180)
ellipse(5262.09,3200.0033,2.828427,2.44949,90)
ellipse(5026.84,3203.92,3.968627,3.824265,45)
ellipse(5415.84,3214.17,4.507542,1.272622,86.544386)
ellipse(5116.09,3220.92,2.783299,1.714861,124.72198)
ellipse(5226.09,3238.17,1.5,0,90)
ellipse(5070.09,3241.17,1.5,0,90)
ellipse(5232.84,3263.42,4.5,2.371708,168.69007)
ellipse(5291.4233,3275.3367,3.162278,3.6e-05,63.434949)
ellipse(5267.09,3283.17,1.5,0,90)
ellipse(5277.09,3290.17,1.5,0,90)
ellipse(5117.4233,3295.67,3.741657,0,0)
ellipse(5258.59,3304.67,3.354102,0,116.56505)
ellipse(4933.09,3319.67,3,0,90)
ellipse(4939.09,3370.67,3,0,90)
ellipse(5155.59,3384.17,2.12132,0,45)
ellipse(4875.09,3386.67,3.464102,0,45)
ellipse(4932.59,3529.67,1.5,0,180)
ellipse(4742.09,3550.17,3.354102,0,153.43495)
ellipse(4511.59,3630.17,3.490269,2.412057,67.5)
ellipse(4494.09,3641.17,1.5,0,90)
ellipse(4705.59,3659.67,3.354102,0,63.434949)
ellipse(4736.4233,3661.67,4.455206,0.38877,33.018756)
ellipse(4658.3509,3667.6917,5.678331,5.215846,157.00406)
ellipse(4665.29,3668.695,5.832264,4.300473,25.493359)
ellipse(4754.09,3689.67,0,0,90)
ellipse(4696.2718,3698.3973,4.64133,2.475374,11.054724)
ellipse(4703.1852,3698.4795,8.37631,4.407864,107.3053)
ellipse(4677.1971,3705.5271,8.249088,5.624041,92.82205)
ellipse(4684.5186,3705.6986,9.318535,5.643345,139.79157)
ellipse(4749.7567,3707.0033,4.42086,1.567162,145.27802)
ellipse(4455.09,3724.17,1.5,0,90)
ellipse(4708.4233,3735.0033,3.752701,1.384643,175.26884)
ellipse(4537.09,3803.67,0,0,90)
ellipse(4363.34,3806.92,4.996236,0.955313,129.60785)
ellipse(4296.59,3812.17,6.662588,2.847792,3.562508)
ellipse(4394.09,3831.17,1.5,0,90)
ellipse(4585.7567,3853.67,5.052718,0.685592,75.69477)
ellipse(4392.59,3867.17,2.12132,0,45)
ellipse(4183.09,3896.17,1.5,0,90)
ellipse(4437.09,3896.67,0,0,90)
ellipse(4534.4233,3898.3367,1.732051,1,45)
ellipse(4512.09,3905.67,0,0,90)
ellipse(4341.59,3916.67,1.5,0,180)
ellipse(4341.59,3936.17,2.12132,0,45)
ellipse(4125.7913,3947.4753,2.907716,2.398535,146.68203)
ellipse(4115.4233,3956.0033,2.933522,1.180868,16.845034)
ellipse(4422.59,3980.67,1.5,0,180)
ellipse(4084.59,3987.67,1.5,0,180)
ellipse(4054.09,3992.07,2.195144,0.970227,145.90071)
ellipse(4320.4233,3993.3367,3.900141,0.888199,16.845034)
ellipse(4193.34,4015.17,5.023321,1.097153,151.28703)
ellipse(4181.5683,4015.9743,2.778682,1.640434,118.15497)
ellipse(4107.59,4025.17,1.5,1.5,90)
ellipse(4180.59,4029.67,1.5,0,180)
ellipse(4330.465,4042.795,1.5,0.918559,161.56505)
ellipse(4033.09,4051.67,0,0,90)
ellipse(4076.2233,4055.9367,4.706492,3.073912,122.12094)
ellipse(4050.3253,4059.0229,4.71371,3.169213,93.526153)
ellipse(4088.1809,4064.7609,5.028868,2.004063,90.200332)
ellipse(4268.34,4062.67,4.422452,0.359753,56.054724)
ellipse(4072.0275,4065.3575,5.847096,3.320001,100.40014)
ellipse(4335.4233,4065.67,1.414214,0,0)
ellipse(4077.6782,4070.1994,6.989439,5.350581,145.65495)
ellipse(4209.7567,4075.0033,2,4.3e-05,90)
ellipse(4094.09,4075.8518,4.317135,3.140832,157.4313)
ellipse(4060.8476,4081.9124,7.368897,4.583137,55.562661)
ellipse(4084.8509,4081.7026,4.183941,4.086402,170.93777)
ellipse(4092.3233,4080.77,2.613296,2.52798,77.886127)
ellipse(4091.2264,4088.4882,2.824407,1.849726,116.56505)
ellipse(4082.4049,4091.7713,4.241941,3.216173,35.259636)
ellipse(4125.4233,4094.42,6.723018,3.533912,16.693218)
ellipse(4073.1512,4096.5884,4.23225,3.610424,105.29306)
ellipse(4022.7567,4098.67,2.757816,0.628052,118.15497)
ellipse(4230.215,4099.545,4.37913,0.889929,59.655004)
ellipse(4090.8633,4102.19,4.163889,3.275061,38.482947)
ellipse(4070.9724,4104.1406,6.838622,3.307436,51.607427)
ellipse(4106.2665,4106.1994,8.167651,3.146183,125.26605)
ellipse(3902.09,4109.17,1.5,0,90)
ellipse(4087.6614,4110.5629,4.507355,3.22361,31.332166)
ellipse(4004.465,4112.045,4.765946,2.500901,98.443396)
ellipse(4078.09,4113.52,5.761909,5.20076,115.64282)
ellipse(4099.1488,4112.0229,8.132798,3.244824,80.183879)
ellipse(3883.84,4122.42,2.598076,1.06066,71.565051)
ellipse(4021.69,4126.07,3.602493,2.396256,92.855297)
ellipse(4200.3181,4125.9858,2.608118,2.5527,49.457464)
ellipse(4212.59,4127.8129,3.277367,1.701945,50.227418)
ellipse(4138.6233,4129.07,5.887099,2.39626,178.57275)
ellipse(4156.8043,4128.3843,6.830365,2.424195,140.45251)
ellipse(4098.6614,4140.8129,4.773836,1.043092,43.544581)
ellipse(4024.09,4141.3367,2.757816,0.628052,151.84503)
ellipse(4056.4233,4140.5589,6.962251,2.532973,124.63339)
ellipse(4065.09,4150.3367,1.414214,0,90)
ellipse(4050.09,4153.67,0,0,90)
ellipse(4172.59,4181.17,2.12132,0,45)
ellipse(3945.4233,4182.4478,5.03936,2.482017,155.15705)
ellipse(4150.84,4182.92,3.601738,1.97547,120.12756)
ellipse(3947.9565,4201.6439,2.953765,2.514681,98.569625)
ellipse(3986.2199,4211.4362,3.262681,2.200265,75.101538)
ellipse(4059.49,4218.57,2.702976,1.940082,76.391944)
ellipse(3888.04,4228.8325,3.891045,2.227579,111.06922)
ellipse(3943.09,4232.67,0,0,90)
ellipse(3776.7567,4238.67,1.414214,0,180)
ellipse(3806.09,4240.67,0,0,90)
ellipse(3893.59,4244.67,1.5,0,180)
ellipse(4039.4233,4250.3367,3.97621,0.435603,109.90279)
ellipse(3844.09,4254.17,1.5,0,90)
ellipse(3975.59,4255.67,1.5,0,180)
ellipse(3880.09,4268.67,0,0,90)
ellipse(3893.09,4278.67,3,0,90)
ellipse(4017.59,4278.67,1.5,0,180)
ellipse(3967.09,4303.0033,3.872983,2.236068,108.43495)
ellipse(3713.09,4325.67,0,0,90)
ellipse(3872.09,4344.67,0,0,90)
ellipse(3851.4233,4396.3367,4.630368,0.748127,53.349622)
ellipse(3730.09,4402.67,0,0,90)
ellipse(3724.59,4410.67,1.5,0,180)
ellipse(3546.7567,4416.0033,2.933522,1.180868,163.15497)
ellipse(3706.09,4437.17,1.5,0,90)
ellipse(3481.09,4448.3367,3.61701,0.957725,49.731161)
ellipse(3546.9789,4466.67,4.518815,3.235614,78.148677)
ellipse(5053.59,4467.17,2.12132,0,45)
ellipse(3400.09,4508.67,0,0,90)
ellipse(5170.59,4510.17,2.12132,0,45)
ellipse(4999.09,4514.17,1.5,0,90)
ellipse(3495.59,4515.67,1.5,0,180)
ellipse(3702.59,4525.67,3.354102,0,63.434949)
ellipse(3505.09,4531.67,0,0,90)
ellipse(5164.09,4555.67,0,0,90)
ellipse(5273.09,4556.67,3,0,180)
ellipse(3581.59,4573.42,3.909552,1.467277,94.932903)
ellipse(5264.09,4581.67,3,0,90)
ellipse(5019.09,4586.67,3,0,180)
ellipse(3265.09,4597.67,0,0,90)
ellipse(3318.4233,4636.4033,5.444104,4.303688,152.07375)
ellipse(5123.09,4651.17,1.5,0,90)
ellipse(3506.4233,4661.67,3.741657,0,180)
ellipse(5261.09,4666.17,3.354102,0,153.43495)
ellipse(5293.59,4667.67,1.5,0,180)
ellipse(5124.09,4671.67,0,0,90)
ellipse(5178.09,4678.67,0,0,90)
ellipse(5420.59,4681.17,2.12132,0,45)
ellipse(3341.59,4698.17,2.12132,0,45)
ellipse(5310.09,4716.67,0,0,90)
ellipse(5472.09,4733.67,3,0,180)
ellipse(5204.09,4741.67,0,0,90)
ellipse(3229.7567,4747.0033,2.933522,1.180868,163.15497)
ellipse(3117.09,4753.67,0,0,90)
ellipse(3330.09,4753.67,3,0,180)
ellipse(3094.09,4784.67,3,0,180)
ellipse(3089.34,4794.92,4.610414,0.345086,122.39944)
ellipse(5450.7567,4804.3367,3.97621,0.435603,70.097214)
ellipse(3363.09,4817.67,0,0,90)
ellipse(5287.09,4853.17,3.354102,0,153.43495)
ellipse(5457.4233,4857.0033,4,8.6e-05,45)
ellipse(3224.09,4882.67,0,0,90)
ellipse(5579.59,4891.17,2.12132,0,45)
ellipse(5328.59,4927.67,1.5,0,180)
ellipse(3157.34,4949.67,2.487469,2.12132,180)
ellipse(3203.09,4951.67,3,0,90)
ellipse(5353.09,4961.67,3,0,180)
ellipse(5527.09,4974.67,0,0,90)
ellipse(3104.59,4985.17,2.12132,0,45)
ellipse(5478.09,4994.67,3,0,180)
ellipse(5546.09,5001.67,0,0,90)
ellipse(3109.59,5014.67,1.5,0,180)
ellipse(5492.59,5027.67,1.5,0,180)
ellipse(3031.4233,5045.67,4.148627,1.669999,28.154966)
ellipse(2708.09,5062.67,3,0,180)
ellipse(5500.59,5070.17,2.12132,0,45)
ellipse(4347.09,5072.17,1.5,0,90)
ellipse(4302.09,5096.17,3.354102,0,153.43495)
ellipse(2860.59,5098.67,1.5,0,180)
ellipse(2698.59,5105.67,3.354102,0,63.434949)
ellipse(5694.59,5108.67,1.5,0,180)
ellipse(2689.09,5114.17,1.5,0,90)
ellipse(5626.09,5117.67,0,0,90)
ellipse(5434.59,5123.17,2.12132,0,45)
ellipse(2588.59,5138.67,1.5,0,180)
ellipse(5526.09,5146.67,0,0,90)
ellipse(5603.7567,5186.67,3.61701,0.957725,139.73116)
ellipse(2684.09,5203.17,1.5,0,90)
ellipse(4357.59,5281.17,2.12132,0,45)
ellipse(4524.09,5310.17,1.5,0,90)
ellipse(4604.4233,5382.3367,3.752701,1.384643,85.268839)
ellipse(4701.59,5465.17,2.12132,0,45)
ellipse(4439.59,5473.17,2.12132,0,45)
ellipse(4439.59,5498.67,1.5,0,180)
ellipse(4591.09,5555.17,3.354102,0,26.565051)
ellipse(4743.09,5612.17,1.5,0,90)
ellipse(4803.09,5638.67,0,0,90)
ellipse(4678.09,5645.67,3,0,90)
ellipse(4684.09,5738.67,0,0,90)
ellipse(4688.09,5747.67,0,0,90)
ellipse(4923.59,5752.17,2.12132,0,45)
ellipse(4810.59,5756.67,3.354102,0,116.56505)
ellipse(4893.59,5784.17,2.12132,0,45)
ellipse(4773.4233,5810.67,2.828427,0,180)
ellipse(4734.09,5861.67,3,0,180)
ellipse(4734.59,5902.67,1.5,0,180)
ellipse(3316.3291,4626.0178,11.209278,6.94612,155.15636)
ellipse(4969.29,3541.67,6.237645,1.460064,11.52565)
ellipse(4390.09,3796.67,3.464102,3.7e-05,45)
ellipse(5538.59,4888.17,2.12132,0,45)
