# Region file format: DS9 version 4.1
global color=green dashlist=8 3 width=1 font="helvetica 10 normal roman" select=1 highlite=1 dash=0 fixed=0 edit=1 move=1 delete=1 include=1 source=1
physical
ellipse(4413.04,2783.5533,3.700329,1.344458,78.875488)
ellipse(3918.04,2865.22,2.12132,0,45)
ellipse(4111.54,2919.3867,2.757816,0.628052,151.84503)
ellipse(3818.1297,3416.7456,5.187428,4.501354,125.33091)
ellipse(4682.54,3533.72,4.242641,0,45)
ellipse(4530.7237,3753.1431,9.291419,6.431264,157.60262)
ellipse(4142.54,3760.97,3.596874,2.12132,153.43495)
ellipse(4223.24,3938.12,4.103042,2.648594,99.632632)
ellipse(3704.2067,3945.5057,7.675406,3.913789,80.236463)
ellipse(4095.94,3958.62,2.012461,1.587451,14.036243)
ellipse(3851.76,3968.86,3.951533,2.809517,97.484637)
ellipse(4332.54,3989.72,2.44949,0,180)
ellipse(5068.54,4096.22,4.5,0,90)
ellipse(3724.3635,4116.72,5.832148,3.271967,71.90189)
ellipse(3819.0924,4156.5105,3.552421,2.270103,63.092904)
ellipse(4069.6554,4162.1046,4.530575,1.81437,108.74921)
ellipse(3867.7622,4191.3867,4.475152,1.87845,87.682268)
ellipse(4120.54,4216.72,3,0,45)
ellipse(3694.3525,4317.7825,6.606044,3.501231,66.819117)
ellipse(3692.4289,4331.9978,4.958416,3.179395,34.721977)
ellipse(4146.1487,4431.3722,4.235358,2.990426,7.228378)
ellipse(3923.1233,4470.47,4.466926,2.814528,28.650269)
ellipse(4298.2067,4503.22,2.828427,2.291288,0)
ellipse(4922.54,4534.4607,7.813337,4.691854,12.099)
ellipse(4939.04,4551.72,1.5,0,180)
ellipse(5507.8733,4690.3867,2.933522,1.180868,163.15497)
ellipse(3549.04,4711.22,2.12132,0,45)
ellipse(5550.04,4811.22,2.12132,0,45)
ellipse(4241.54,5377.22,1.5,0,90)
ellipse(4256.04,5462.22,2.12132,0,45)
ellipse(3475.54,5511.22,1.5,0,90)
ellipse(4425.54,2495.5771,5.845073,3.636328,108.93749)
ellipse(3909.54,3510.72,4.776678,1.087817,118.15497)
ellipse(3941.54,3746.8867,2.291288,1.414214,56.309932)
ellipse(3869.34,3815.72,4.132615,3.092166,126.65038)
ellipse(4589.04,4182.4075,6.425515,3.677139,15.214381)
ellipse(4408.9686,4256.4343,6.341645,1.547831,30.472698)
ellipse(3886.6511,4394.0533,5.461113,4.802617,158.16611)
ellipse(3570.6169,4419.0277,7.16827,3.671486,65.449081)
ellipse(3647.503,4507.4237,7.75407,5.721766,68.797135)
ellipse(4269.7839,4829.0859,11.880832,5.259922,43.999678)
ellipse(4175.6511,2964.1644,6.826457,3.537031,167.05155)
ellipse(4129.94,3107.12,3.687099,1.235031,53.677012)
ellipse(4239.54,3184.4343,6.295396,3.692329,168.34755)
ellipse(5153.54,3743.4343,7.727615,2.531089,30.127559)
ellipse(3695.2067,3779.3867,2,2.9e-05,45)
ellipse(4980.54,4190.0533,8.322715,1.316211,148.66195)
ellipse(4967.74,4340.72,6.142374,3.242104,63.73809)
ellipse(5313.64,4521.92,6.421996,3.099672,85.416231)
ellipse(3680.54,4711.22,2.427051,0.927051,31.717474)
ellipse(4914.04,5046.72,1.5,0,180)
ellipse(3886.7218,5064.6291,6.440107,3.366741,71.310536)
ellipse(4194.4289,2794.6089,5.990275,4.230175,103.59906)
ellipse(3902.54,2819.72,0,0,90)
ellipse(5248.54,3335.72,0,0,90)
ellipse(5571.3733,3806.8867,7.829667,2.048493,1.756875)
ellipse(4080.9686,5219.1486,4.640862,3.705091,114.40704)
