# Region file format: DS9 version 4.1
global color=green dashlist=8 3 width=1 font="helvetica 10 normal roman" select=1 highlite=1 dash=0 fixed=0 edit=1 move=1 delete=1 include=1 source=1
physical
ellipse(4458.7975,3314.9825,7.742892,5.276344,31.969946)
ellipse(3657.6267,3345.9533,4.240108,3.044911,160.41317)
ellipse(3776.4233,3445.2047,10.348571,6.344272,8.997104)
ellipse(4076.6,3513.34,5.979024,4.771716,1.956192)
ellipse(4086.3078,3554.033,5.071891,3.146685,33.813284)
ellipse(4455.7475,3604.3976,8.066303,4.826946,39.647822)
ellipse(4683.4195,3605.7686,8.447869,4.986561,46.385695)
ellipse(4757.823,3628.8734,11.22229,6.178976,42.983312)
ellipse(3920.0314,3685.3343,3.90352,2.482033,166.45822)
ellipse(4368.767,3708.8218,6.407627,3.413017,15.412)
ellipse(4111.1523,3719.3508,3.879826,3.177477,133.84547)
ellipse(4172.5358,3735.3321,3.240498,2.397312,103.77257)
ellipse(4589.9356,3749.2663,5.822555,3.965984,56.424196)
ellipse(4528.0509,3762.0291,3.261344,2.686052,45)
ellipse(4676.7549,3805.4094,8.280881,5.175825,46.982192)
ellipse(4070.66,3815.82,4.332224,2.571349,76.338054)
ellipse(4573.6659,3816.5318,8.400063,3.283519,41.589282)
ellipse(4197.7902,3859.6106,2.587296,2.516607,106.70391)
ellipse(2875.2203,3890.9145,8.97896,5.596436,44.417032)
ellipse(4133.5933,3894.02,2.477808,2.204647,130.04791)
ellipse(3485.3005,3906.4284,6.516309,4.217908,151.23483)
ellipse(4094.2933,3918.12,1.414214,0,180)
ellipse(4100.66,3951.97,3.46757,2.12449,169.83247)
ellipse(3991.7114,3966.4928,2.912333,2.76283,79.08704)
ellipse(3661.8872,3969.654,4.0929,3.140444,169.2136)
ellipse(4154.1418,3971.9382,3.127927,1.646797,101.12451)
ellipse(3655.1185,3980.3151,5.450946,3.109591,156.61109)
ellipse(3767.2725,3982.995,4.149821,2.959637,6.238583)
ellipse(4139.2933,3988.4533,2.53263,1.893617,67.5)
ellipse(4006.2507,3990.2962,2.927812,2.177171,23.523232)
ellipse(4577.7741,3995.3106,6.457133,3.948503,46.603866)
ellipse(3900.1981,4004.8581,3.363458,1.905525,169.57277)
ellipse(4045.76,4011.12,3.621634,2.51471,73.997308)
ellipse(4118.3757,4011.1312,2.566429,2.047902,157.32684)
ellipse(4187.0521,4020.2253,2.974645,2.303119,140.00034)
ellipse(4130.3581,4032.7496,2.330705,2.233805,90.799733)
ellipse(4611.3871,4048.4064,5.60281,3.985777,58.157458)
ellipse(3631.2541,4048.8847,5.520687,3.4909,1.952459)
ellipse(3844.8878,4052.1381,3.166418,2.703076,164.43294)
ellipse(4098.84,4053.4,4.308513,2.691006,54.65534)
ellipse(4219.4803,4053.1251,3.195946,2.896087,160.6133)
ellipse(4087.1743,4056.1343,4.116479,2.295228,153.55571)
ellipse(3731.8733,4057.4567,3.691645,2.697858,149.66805)
ellipse(4087.018,4061.3012,4.572137,2.950379,91.056728)
ellipse(4059.0653,4062.7516,2.535036,1.483116,126.42379)
ellipse(4067.1908,4068.12,3.437226,1.905062,28.878766)
ellipse(4089.4145,4073.9382,4.157786,3.290671,115.77314)
ellipse(4027.4171,4077.1343,2.536236,1.974624,10.538141)
ellipse(4079.8236,4082.2109,4.695421,2.262825,28.303354)
ellipse(4049.7378,4085.0644,3.460515,1.747173,12.524611)
ellipse(4326.8457,4085.6914,2.957334,2.489548,29.943133)
ellipse(4069.7782,4089.52,2.420348,1.964419,62.530938)
ellipse(4390.0235,4089.5359,3.505041,2.679365,56.145449)
ellipse(4022.7544,4103.0367,2.859938,2.564757,34.339237)
ellipse(4098.5433,4105.12,4.013551,2.660622,148.81462)
ellipse(4101.235,4111.095,3.788507,2.379278,114.8361)
ellipse(4744.061,4210.2614,9.067823,6.371317,71.845361)
ellipse(4074.92,4248.32,3.229073,2.545326,1.04508)
ellipse(3247.0314,4271.2629,4.011244,3.364994,6.683465)
ellipse(3640.6316,4299.4185,6.677253,3.53239,136.0485)
ellipse(4923.7457,4316.1914,2.566495,1.397826,115.31534)
ellipse(3975.44,4321.88,5.352155,1.822755,119.45666)
ellipse(4925.3292,4321.3354,8.942774,4.625763,113.00244)
ellipse(4802.0243,4363.8036,9.931664,6.997162,69.380886)
ellipse(4182.0509,4381.7261,4.554897,2.366436,101.46384)
ellipse(3900.3878,4399.989,4.230469,2.811242,124.189)
ellipse(4506.685,4441.92,6.367538,3.740165,54.49955)
ellipse(3736.6693,4450.934,6.606963,4.638982,136.18012)
ellipse(4387.3549,4490.4194,5.75792,4.202585,100.75852)
ellipse(4296.5681,4544.4984,4.797197,3.377981,97.924759)
ellipse(4149.1213,4666.8942,6.387108,5.523751,143.85444)
ellipse(3653.3862,4699.2839,11.168492,9.776738,161.20469)
ellipse(3994.1448,5187.9678,7.558221,5.899427,88.847987)
ellipse(4341.2933,2924.4533,6.108831,2.946554,38.952621)
ellipse(3374.1029,3486.9771,7.232981,3.764809,14.393309)
ellipse(4019.71,3553.87,4.5,3.181981,90)
ellipse(3338.21,3608.12,5.176717,1.374447,147.70386)
ellipse(3529.4044,3656.12,7.782855,4.964815,97.254521)
ellipse(4353.0509,3701.3927,5.279432,4.340316,126.37927)
ellipse(4610.16,3840.32,3.039455,0.91745,164.51812)
ellipse(4867.4183,3943.995,9.029132,5.166577,49.062742)
ellipse(4828.3767,4144.4533,6.591495,4.872339,110.63569)
ellipse(3399.6267,4148.4533,3.97621,0.435603,160.09721)
ellipse(3159.6743,4224.8343,5.192271,3.909631,51.362178)
ellipse(4885.0314,4259.8343,6.521204,5.047673,102.76485)
ellipse(4822.66,4286.92,8.172499,2.922373,108.63856)
ellipse(3565.96,4310.7867,5.656854,5.291503,40.601295)
ellipse(3506.21,4411.495,6.065675,2.292261,99.904246)
ellipse(4393.21,4432.995,4.128609,3.221252,77.528047)
ellipse(3559.1418,4572.2109,5.525097,4.360103,149.2757)
ellipse(4748.1908,4595.6585,5.546537,4.331576,29.212905)
ellipse(3661.7933,4617.2867,3.807887,2.44949,180)
ellipse(4895.5055,4632.7564,7.145747,5.185433,75.455574)
ellipse(4028.585,4694.995,6.38308,1.688205,174.21993)
ellipse(4320.46,4756.12,4.225615,1.547313,115.45307)
ellipse(3838.0225,5254.4637,11.328569,3.925383,126.35438)
ellipse(4855.96,3659.12,0,0,90)
ellipse(4753.2933,4291.7867,2.933522,1.180868,106.84503)
ellipse(3095.46,4355.7867,6.182431,3.320776,41.568154)
ellipse(3835.96,4361.12,0,0,90)
ellipse(3298.96,4568.2867,6.51101,1.96386,145.45204)
ellipse(4754.96,4693.12,4.776678,1.087817,118.15497)
ellipse(4539.6743,5022.6914,5.046558,3.070864,124.95238)
ellipse(3128.6267,4435.12,3.872983,2.236068,161.56505)
ellipse(3921.96,5328.12,0,0,90)
