# Region file format: DS9 version 4.1
global color=green dashlist=8 3 width=1 font="helvetica 10 normal roman" select=1 highlite=1 dash=0 fixed=0 edit=1 move=1 delete=1 include=1 source=1
physical
ellipse(6023.6,2959.34,2.12132,0,45)
ellipse(6093.1,3003.84,0,0,90)
ellipse(5892.1,3007.84,0,0,90)
ellipse(5978.1,3019.5067,2.44949,1.414214,180)
ellipse(5926.1,3031.34,1.5,0,90)
ellipse(6049.1,3052.84,0,0,90)
ellipse(5972.35,3059.59,4.5,2.371708,11.309932)
ellipse(6018.7667,3077.5067,2.933522,1.180868,16.845034)
ellipse(5819.4333,3127.1733,2,2.9e-05,45)
ellipse(5978.35,3126.84,4.604666,1.727585,49.44033)
ellipse(5701.1,3131.34,1.5,0,90)
ellipse(5746.4333,3135.5067,3.821721,2.719274,163.15497)
ellipse(6034.4333,3144.1733,3.752701,1.384643,175.26884)
ellipse(5631.6,3153.84,3.354102,0,116.56505)
ellipse(5622.1,3177.84,0,0,90)
ellipse(6055.1,3187.84,0,0,90)
ellipse(5636.1,3201.34,1.5,0,90)
ellipse(5657.7667,3202.1733,2.933522,1.180868,106.84503)
ellipse(5527.4333,3203.84,3.872983,2.236068,161.56505)
ellipse(5804.7667,3208.5067,5,1.732051,45)
ellipse(5817.4333,3208.5067,2.933522,1.180868,106.84503)
ellipse(5776.35,3215.84,4.418027,2.16068,32.688218)
ellipse(5562.1,3239.84,0,0,90)
ellipse(5626.1,3242.84,0,0,90)
ellipse(5974.1,3254.84,3,0,90)
ellipse(5610.1,3258.84,0,0,90)
ellipse(5845.3,3262.24,4.615976,1.973008,104.87244)
ellipse(5802.35,3264.09,3.936179,2.42518,79.721977)
ellipse(5764.1,3268.84,0,0,90)
ellipse(5794.7667,3276.1733,3.900141,0.888199,73.154966)
ellipse(5554.7667,3282.5067,2.933522,1.180868,73.154966)
ellipse(5927.6,3287.34,2.12132,0,45)
ellipse(5344.1,3288.84,0,0,90)
ellipse(5496.1,3288.84,0,0,90)
ellipse(5785.1,3289.59,4.079985,1.743909,131.43749)
ellipse(5782.1,3302.84,2.44949,0,90)
ellipse(5587.1,3309.1733,4.472136,0,18.434949)
ellipse(5476.7667,3330.84,4.455206,0.38877,146.98124)
ellipse(5491.6,3337.59,2.643623,1.203644,11.981245)
ellipse(5512.1,3355.5067,3.741657,0,90)
ellipse(5420.975,3361.215,7.693663,3.02511,168.59098)
ellipse(5299.1,3370.1733,3.741657,0,90)
ellipse(5246.6,3380.84,1.5,0,180)
ellipse(5678.7667,3385.5067,3.162278,0,153.43495)
ellipse(5568.6,3390.09,4.565588,1.045423,9.991553)
ellipse(5306.1,3392.84,0,0,90)
ellipse(5606.1,3421.1733,2.757816,0.628052,28.154966)
ellipse(5361.85,3442.84,3.84019,3.07253,118.99731)
ellipse(5183.4333,3452.84,4.455206,0.38877,146.98124)
ellipse(5494.7667,3463.84,2.828427,0,0)
ellipse(5271.1,3468.34,1.5,0,90)
ellipse(5280.9,3474.24,2.968159,2.364325,13.282526)
ellipse(5136.6,3482.34,2.12132,0,45)
ellipse(5399.7667,3487.84,3.61701,0.957725,139.73116)
ellipse(5299.7667,3493.84,3.741657,0,0)
ellipse(5218.6,3494.84,1.5,0,180)
ellipse(5465.6,3497.34,5.159423,0.616732,60.481878)
ellipse(5277.1,3500.84,0,0,90)
ellipse(5316.6,3511.09,4.565588,1.045423,170.00845)
ellipse(5039.6,3511.84,1.5,0,180)
ellipse(5397.1,3511.5067,4.148627,1.669999,118.15497)
ellipse(4980.7667,3538.5067,1.732051,1,90)
ellipse(5284.85,3540.59,2.501349,1.272106,172.98188)
ellipse(5268.6,3553.34,4.006538,2.539224,64.329904)
ellipse(5279.4333,3573.5067,2,0,90)
ellipse(4824.1,3581.34,1.5,0,90)
ellipse(4833.1,3584.84,0,0,90)
ellipse(5023.1,3586.1733,2.44949,1.414214,180)
ellipse(4962.1,3586.84,0,0,90)
ellipse(4948.6,3600.84,1.5,0,180)
ellipse(5300.1,3609.84,3,0,90)
ellipse(5207.1,3622.84,3,0,90)
ellipse(4979.4333,3626.84,2.828427,2.44949,180)
ellipse(4846.1,3635.84,0,0,90)
ellipse(4662.6714,3666.3971,14.571259,6.384375,2.351995)
ellipse(5040.1,3692.84,0,0,90)
ellipse(4693.8647,3696.3694,8.202068,3.725827,165.86547)
ellipse(4935.1,3699.34,1.5,0,90)
ellipse(4678.9333,3702.1733,2.15179,1.272714,159.18323)
ellipse(4683.1,3704.14,2.32379,1.920937,0)
ellipse(4655.1,3709.84,0,0,90)
ellipse(4749.1,3715.34,1.5,0,90)
ellipse(4671.1,3752.34,1.5,0,90)
ellipse(4754.1,3761.34,1.5,0,90)
ellipse(4448.1,3768.84,0,0,90)
ellipse(4982.6,3783.84,1.5,0,180)
ellipse(4927.1,3787.84,0,0,90)
ellipse(4464.1,3800.34,3.354102,0,26.565051)
ellipse(4404.1,3835.84,0,0,90)
ellipse(4592.1,3843.84,0,0,90)
ellipse(4303.6,3860.84,1.5,0,180)
ellipse(4459.7667,3869.84,4.455206,0.38877,33.018756)
ellipse(4280.1,3886.84,3,0,180)
ellipse(4463.1,3932.84,0,0,90)
ellipse(4126.7117,3944.8985,2.579185,2.336668,173.67055)
ellipse(4459.1,3971.84,3,0,90)
ellipse(4269.1,3975.84,3,0,90)
ellipse(4140.4333,3979.1733,2.254138,1.38523,9.217474)
ellipse(4120.1,3985.34,1.5,0,90)
ellipse(4202.9571,3986.1257,1.934997,1.328906,10.900705)
ellipse(4152.1,4008.84,0,0,90)
ellipse(4182.2818,4014.2036,3.484509,2.090596,132.25384)
ellipse(4049.1,4026.1733,4.502444,3.424616,100.27802)
ellipse(4011.1,4037.44,5.011518,1.498228,104.0893)
ellipse(4331.9667,4040.04,4.299901,2.826809,120.15464)
ellipse(3941.1,4040.1733,3.61701,0.957725,130.26884)
ellipse(4147.5,4044.44,5.281241,2.971278,140.44276)
ellipse(4076.6556,4054.84,4.899553,2.053438,147.27523)
ellipse(4050.6,4055.6733,2.320776,1.055462,169.72198)
ellipse(4042,4057.04,6.267547,3.401154,87.764971)
ellipse(4165.4333,4058.1733,2.933522,1.180868,73.154966)
ellipse(4262.5,4058.64,4.497213,3.48928,5.152423)
ellipse(4336.6,4062.59,2.643623,1.203644,168.01875)
ellipse(4099.9333,4071.6733,11.950083,5.567361,49.865954)
ellipse(4227.1,4072.1733,2.757816,0.628052,151.84503)
ellipse(4211.3,4072.04,5.21244,3.422057,31.12073)
ellipse(4034.2667,4075.0067,5.879373,0.965904,137.55866)
ellipse(4093.4836,4075.1796,9.623891,5.919191,59.335112)
ellipse(4086.1299,4077.2878,4.102075,3.576784,146.12811)
ellipse(4061.5545,4078.9855,7.568819,5.186465,63.392315)
ellipse(4092.0545,4083.7945,4.768465,3.747363,52.265763)
ellipse(4268.35,4085.09,3.116136,1.632389,57.600562)
ellipse(3846.1,4087.84,0,0,90)
ellipse(4083.5686,4089.2533,3.566066,3.17484,45.847645)
ellipse(4390.6,4091.34,2.12132,0,45)
ellipse(4231.5118,4097.3694,2.10289,1.782266,161.56505)
ellipse(4093.0153,4099.7553,5.4093,4.740739,156.20292)
ellipse(4161.1,4100.59,3.149947,0.874832,50.309828)
ellipse(4072.6882,4101.8106,6.753398,3.209214,37.77965)
ellipse(3856.7667,4111.1733,3.464102,2,45)
ellipse(4077.9,4111.2829,7.918115,5.610558,46.661159)
ellipse(4076.5,4116.84,1.702299,1.030619,39.345034)
ellipse(4095.35,4122.09,3.274526,1.285488,93.562508)
ellipse(4201.4333,4123.3956,2.469675,2.126717,34.249283)
ellipse(4214.0333,4125.24,3.27609,2.754493,131.34712)
ellipse(4239.7667,4125.84,2.828427,2.44949,180)
ellipse(4141.6714,4126.1257,3.554909,2.064117,127.37244)
ellipse(3840.1,4127.84,3,1.732051,45)
ellipse(3920,4129.64,6.548927,4.331461,92.568189)
ellipse(3851.7667,4130.84,3.741657,0,180)
ellipse(3895.1,4146.84,0,0,90)
ellipse(4069.1,4146.1257,6.664886,2.504631,172.17888)
ellipse(4242.4333,4148.1733,1.732051,1,90)
ellipse(3785.1,4149.34,1.5,0,90)
ellipse(4050.1,4171.84,2.44949,0,180)
ellipse(3946.5211,4179.1032,3.174051,2.070148,111.10365)
ellipse(4231.0167,4193.09,2.786592,1.899975,97.854319)
ellipse(3829.1,4196.84,0,0,90)
ellipse(3938.0167,4197.5067,6.32531,5.493447,169.57277)
ellipse(3948.9694,4199.0654,2.864384,2.289109,102.03324)
ellipse(3987.2515,4208.6885,2.928535,2.278657,114.92701)
ellipse(4060.4103,4216.3228,2.676914,1.79294,132.66973)
ellipse(3889.1,4226.5157,4.148219,3.014771,106.31744)
ellipse(4011.1,4232.84,0,0,90)
ellipse(3998.4333,4235.5067,3.97621,0.435603,160.09721)
ellipse(3826.1,4259.5067,2.757816,0.628052,28.154966)
ellipse(3995.6,4265.84,1.5,0,180)
ellipse(4075.1,4274.84,0,0,90)
ellipse(3773.1,4301.34,1.5,0,90)
ellipse(3592.1,4303.7775,9.07815,3.389622,96.415351)
ellipse(3713.1,4303.1733,3.61701,0.957725,130.26884)
ellipse(3767.4333,4315.1733,2.933522,1.180868,16.845034)
ellipse(3780.6,4315.84,3.354102,0,116.56505)
ellipse(3526.7667,4347.84,4.472136,0,108.43495)
ellipse(3668.1,4368.5067,2.44949,1.414214,180)
ellipse(3748.1,4385.84,2.44949,0,90)
ellipse(3516.1,4396.84,0,0,90)
ellipse(3806.1,4400.84,3.464102,3.7e-05,45)
ellipse(3765.1,4407.84,5.265513,2.162031,109.3299)
ellipse(3241.1,4414.84,0,0,90)
ellipse(3523.1,4418.34,1.5,0,90)
ellipse(3346.1,4425.84,0,0,90)
ellipse(3547.4,4460.74,5.128029,2.967038,69.795272)
ellipse(3675.1,4466.84,3,1.732051,45)
ellipse(3401.1,4480.84,0,0,90)
ellipse(3134.7667,4518.84,3.741657,0,180)
ellipse(3242.6,4526.84,3.354102,0,63.434949)
ellipse(5083.1,4544.84,0,0,90)
ellipse(3316.1,4570.84,0,0,90)
ellipse(3470.6,4578.34,2.12132,0,45)
ellipse(3129.1,4603.34,3.354102,0,153.43495)
ellipse(5066.1,4610.84,0,0,90)
ellipse(2987.1,4615.1733,4.148627,1.669999,61.845034)
ellipse(3320.0643,4619.6257,6.027554,5.744027,79.941099)
ellipse(2888.1,4633.84,0,0,90)
ellipse(2820.1,4655.84,3,0,90)
ellipse(5040.1,4669.84,0,0,90)
ellipse(2935.1,4680.84,0,0,90)
ellipse(2862.1,4718.84,0,0,90)
ellipse(2845.4333,4727.84,3.741657,0,180)
ellipse(5010.1,4737.34,1.5,0,90)
ellipse(2942.4333,4784.84,2.757816,0.628052,61.845034)
ellipse(2702.1,4787.84,0,0,90)
ellipse(3040.1,4793.84,0,0,90)
ellipse(5071.6,4796.84,1.5,0,180)
ellipse(2912.1,4802.1733,4.472136,0,18.434949)
ellipse(5227.6,4825.34,2.12132,0,45)
ellipse(2640.1,4841.84,0,0,90)
ellipse(5119.35,4842.09,1.837117,0,45)
ellipse(2813.6,4848.84,1.5,0,180)
ellipse(2655.1,4850.84,3,0,180)
ellipse(2880.6,4870.84,1.5,0,180)
ellipse(2668.6,4882.84,1.5,0,180)
ellipse(2490.1,4906.84,0,0,90)
ellipse(5154.1,4929.84,0,0,90)
ellipse(5137.1,4947.5067,2.757816,0.628052,151.84503)
ellipse(2511.1,4966.84,0,0,90)
ellipse(2644.1,4980.84,0,0,90)
ellipse(5206.1,4981.84,3,0,90)
ellipse(2490.1,5015.84,0,0,90)
ellipse(5337.6,5043.34,2.12132,0,45)
ellipse(5313.6,5076.34,2.12132,0,45)
ellipse(5202.1,5094.34,1.5,0,90)
ellipse(4041.3857,5096.9829,6.143068,1.096127,82.422966)
ellipse(4043.1,5104.6092,6.06959,5.333856,40.986381)
ellipse(5314.6,5127.34,2.12132,0,45)
ellipse(4193.1,5137.84,0,0,90)
ellipse(5330.1,5155.34,1.5,0,90)
ellipse(5215.4333,5185.5067,3.464102,2,45)
ellipse(5400.1,5186.84,0,0,90)
ellipse(5430.6,5206.84,1.5,0,180)
ellipse(4237.6,5239.34,2.12132,0,45)
ellipse(4274.1,5260.84,0,0,90)
ellipse(5449.6,5262.34,2.12132,0,45)
ellipse(5339.1,5269.84,0,0,90)
ellipse(4079.1,5276.84,3,0,90)
ellipse(5357.1,5286.84,0,0,90)
ellipse(4170.1,5287.84,0,0,90)
ellipse(4274.1,5312.84,3,0,180)
ellipse(4038.6,5313.34,2.12132,0,45)
ellipse(4282.1,5345.84,3,0,180)
ellipse(5406.6,5349.34,2.12132,0,45)
ellipse(5497.6,5391.84,3.354102,0,63.434949)
ellipse(4295.6,5465.84,1.5,0,180)
ellipse(4288.1,5500.84,3,0,180)
ellipse(4170.6,5508.34,2.12132,0,45)
ellipse(4315.35,5508.59,4.953154,1.15813,82.981878)
ellipse(5337.1,5516.84,3,0,90)
ellipse(4404.1,5556.84,0,0,90)
ellipse(4296.1,5600.84,0,0,90)
ellipse(4221.1,5605.84,0,0,90)
ellipse(4250.1,5626.1733,2.757816,0.628052,28.154966)
ellipse(4447.1,5704.84,0,0,90)
ellipse(4279.1,5716.84,0,0,90)
ellipse(4464.1,5788.84,0,0,90)
ellipse(4448.1,5830.84,3,0,180)
ellipse(4540.6,5859.34,2.12132,0,45)
ellipse(4612.1,5898.84,0,0,90)
ellipse(4132.4571,4091.5543,6.786026,3.963591,5.408374)
