# Region file format: DS9 version 4.1
global color=green dashlist=8 3 width=1 font="helvetica 10 normal roman" select=1 highlite=1 dash=0 fixed=0 edit=1 move=1 delete=1 include=1 source=1
physical
ellipse(5891.3667,2730.01,4.455206,0.38877,146.98124)
ellipse(5887.7,2775.01,0,0,90)
ellipse(5826.2,2777.01,1.5,0,180)
ellipse(5900.7,2799.01,0,0,90)
ellipse(5708.7,2840.3433,3.872983,2.236068,108.43495)
ellipse(5921.7,2854.01,3,1.732051,45)
ellipse(5994.2,2860.01,1.5,0,180)
ellipse(5839.7,2866.01,0,0,90)
ellipse(5802.7,2868.51,1.5,0,90)
ellipse(6028.3667,2874.6767,4.630368,0.748127,143.34962)
ellipse(5703.2,2875.01,1.5,0,180)
ellipse(5790.3667,2898.6767,1.732051,1,90)
ellipse(5982.45,2912.26,4.439696,2.482761,2.381821)
ellipse(5841.0333,2914.01,2.828427,0,180)
ellipse(5628.7,2927.51,1.5,0,90)
ellipse(5703.7,2937.26,3.104327,1.025015,164.19625)
ellipse(5906.7,2945.01,0,0,90)
ellipse(5817.2,2955.26,3.831231,1.661075,54.645023)
ellipse(5757.7,2972.51,1.5,0,90)
ellipse(5577.7,2979.01,0,0,90)
ellipse(5764.7,2980.3433,2.828427,0,90)
ellipse(5830.2,2992.51,2.12132,0,45)
ellipse(5678.3667,3003.3433,1.732051,1,45)
ellipse(5654.7,3023.81,5.009032,1.244828,146.71435)
ellipse(5547.2,3025.01,1.5,0,180)
ellipse(5464.7,3035.51,1.5,0,90)
ellipse(5458.7,3050.6767,3.872983,2.236068,71.565051)
ellipse(5797.7,3061.3433,2.757816,0.628052,28.154966)
ellipse(5710.7,3101.01,0,0,90)
ellipse(5303.3667,3109.6767,2,0,45)
ellipse(5318.7,3110.51,3.354102,0,153.43495)
ellipse(5643.0333,3118.01,2.757816,0.628052,61.845034)
ellipse(5278.7,3133.51,3.354102,0,153.43495)
ellipse(5421.7,3148.01,0,0,90)
ellipse(5547.3667,3149.3433,1.732051,1,45)
ellipse(5612.3667,3150.3433,3.97621,0.435603,109.90279)
ellipse(5389.0333,3163.01,2.44949,1.414214,90)
ellipse(5518.7,3165.3433,2.44949,1.414214,180)
ellipse(5305.7,3184.01,3,0,90)
ellipse(5403.7,3184.51,4.794604,1.327317,151.00269)
ellipse(5531.7,3190.01,0,0,90)
ellipse(5603.0333,3189.6767,2.933522,1.180868,106.84503)
ellipse(5610.7,3191.01,2.44949,0,90)
ellipse(5402.2,3203.01,1.5,0,180)
ellipse(5514.7,3202.76,2.12132,1.299038,0)
ellipse(5195.0333,3219.01,2.757816,0.628052,118.15497)
ellipse(5421.2,3226.51,2.12132,0,45)
ellipse(5424.3667,3251.6767,3.162278,3.6e-05,153.43495)
ellipse(5059.2,3273.01,1.5,0,180)
ellipse(5213.2,3282.01,3.968627,2.12132,63.434949)
ellipse(5136.1,3291.41,4.94602,1.207016,10.068152)
ellipse(5337.45,3332.51,5.023321,1.097153,28.712971)
ellipse(5271.5,3348.21,4.293445,2.458928,117.23116)
ellipse(5310.7,3348.51,1.5,0,90)
ellipse(5367.2,3352.01,1.5,0,180)
ellipse(5058.2,3358.01,3.354102,0,63.434949)
ellipse(5237.2,3358.26,3.909552,1.467277,85.067097)
ellipse(4957.7,3359.51,3.354102,0,153.43495)
ellipse(5277.3667,3365.6767,3.900141,0.888199,163.15497)
ellipse(5175.7,3378.6767,3.61701,0.957725,49.731161)
ellipse(5277.7,3383.3433,2.757816,0.628052,151.84503)
ellipse(5305.3,3395.01,3.927569,1.06499,155.45719)
ellipse(5260.7,3435.01,0,0,90)
ellipse(5087.7,3440.01,0,0,90)
ellipse(4887.3667,3483.6767,3.97621,0.435603,19.902786)
ellipse(5062.0333,3536.01,2.757816,0.628052,118.15497)
ellipse(5049.2,3577.51,2.12132,0,45)
ellipse(4799.7,3586.01,0,0,90)
ellipse(4630.7,3656.51,3.354102,0,153.43495)
ellipse(4618.2,3658.01,1.5,0,180)
ellipse(4658.9588,3666.2218,10.006737,9.219538,54.785674)
ellipse(4664.829,3667.3326,4.127667,3.793695,62.74526)
ellipse(4805.2,3673.51,2.12132,0,45)
ellipse(4499.0333,3693.6767,3.162278,3.6e-05,26.565051)
ellipse(4708.0333,3698.01,3.175081,2.630373,54.217474)
ellipse(4677.2937,3705.5413,7.906845,6.30626,163.44352)
ellipse(4575.2,3804.51,2.12132,0,45)
ellipse(4613.7,3804.51,1.5,0,90)
ellipse(4365.2,3806.01,3.393267,1.654007,170.00845)
ellipse(4442.2,3836.01,3.354102,0,63.434949)
ellipse(4567.7,3852.01,3,0,180)
ellipse(4502.7,3893.51,1.5,0,90)
ellipse(4240.7,3917.51,1.5,0,90)
ellipse(4431.7,3930.51,3.354102,0,26.565051)
ellipse(4163.3667,3943.01,4.455206,0.38877,146.98124)
ellipse(4125.9407,3946.3557,2.66251,2.349449,122.67695)
ellipse(4287.7,3948.01,0,0,90)
ellipse(4248.2,3960.51,2.12132,0,45)
ellipse(4080.2,3966.01,1.5,0,180)
ellipse(4093.2,3974.01,1.5,0,180)
ellipse(4139.2,3980.51,3.354102,1.5,0)
ellipse(4066.7,4002.51,1.5,0,90)
ellipse(4427.319,4011.4148,4.413284,2.41117,12.50263)
ellipse(4182.081,4015.01,3.882261,1.574507,152.61772)
ellipse(4108.7,4023.41,3.340659,1.341641,168.69007)
ellipse(4406.7,4030.3433,1.414214,0,90)
ellipse(4094.3667,4040.6767,3.97621,0.435603,19.902786)
ellipse(4331.7,4041.6571,3.710082,3.555784,180)
ellipse(4091.3667,4049.3433,1.732051,1,45)
ellipse(4050.5571,4056.5814,2.236906,1.856133,112.5)
ellipse(4167.2,4059.01,1.5,0,180)
ellipse(4336.7,4063.51,5.044616,1.949833,52.018122)
ellipse(4130.0333,4065.3433,2,0,45)
ellipse(4078.8818,4068.51,4.972942,4.446097,40.798314)
ellipse(4210.8111,4074.01,2.797098,1.032052,58.703788)
ellipse(4080.7,4084.01,0,0,90)
ellipse(4089.7806,4076.3971,4.213238,3.2108,141.70335)
ellipse(4191.7,4079.01,0,0,90)
ellipse(3949.7,4080.01,0,0,90)
ellipse(4061.7333,4081.4267,9.456535,5.878048,36.631626)
ellipse(4083.6091,4081.2568,4.261363,3.702962,122.6097)
ellipse(4268.5333,4085.6767,5.013094,1.45564,45.933839)
ellipse(4082.8118,4090.7642,2.98523,2.769804,48.186807)
ellipse(4146.45,4094.51,4.074405,2.310135,133.5688)
ellipse(4103.3,4096.41,4.889775,3.900013,122.77802)
ellipse(4231.0571,4099.2957,5.25638,1.80929,30.509419)
ellipse(4045.0333,4101.1767,5.424664,1.955255,58.032332)
ellipse(4092.7588,4101.0688,9.815217,5.440518,117.36294)
ellipse(4115.3667,4100.61,5.302987,3.954533,142.99792)
ellipse(3956.1,4103.61,3.737872,2.889344,154.90279)
ellipse(4004.7,4109.1767,3.750132,1.478686,105.17162)
ellipse(4087.7,4109.6767,2.530096,2.144437,28.154966)
ellipse(4080.5158,4111.7995,4.566241,3.76939,58.354656)
ellipse(4076.0913,4112.7491,3.935165,2.956573,115.26377)
ellipse(4322.95,4114.01,2.12132,1.299038,90)
ellipse(4076.4143,4119.51,3.725763,2.630535,84.678565)
ellipse(4200.4925,4124.8779,2.807806,2.115941,110.02008)
ellipse(4140.9,4127.41,1.613996,0.997505,121.71747)
ellipse(4213.2625,4127.0725,3.792667,2.026787,33.735301)
ellipse(4157.9,4128.21,2.460018,0.654454,115.09721)
ellipse(4287.7,4131.51,1.5,0,90)
ellipse(4076.3667,4136.01,5.939598,1.6496,174.69017)
ellipse(4099.2,4140.1767,4.036095,1.486585,143.25218)
ellipse(3837.3667,4148.01,2.828427,0,180)
ellipse(4034.7,4149.6767,2.44949,1.414214,180)
ellipse(3987.45,4166.51,4.584545,2.327971,77.179497)
ellipse(4147.7,4172.6767,2.757816,0.628052,151.84503)
ellipse(3945.7769,4180.9331,4.147772,2.037405,77.187927)
ellipse(3948.2049,4200.5247,2.771226,2.261031,82.03592)
ellipse(3986.6756,4210.4246,4.801526,2.290492,143.98324)
ellipse(4059.8154,4218.0869,4.104433,2.749086,108.91949)
ellipse(3924.7,4219.01,4.242641,0,0)
ellipse(4000.3667,4220.01,3.61701,0.957725,139.73116)
ellipse(3888.2778,4227.9878,2.949503,2.022757,98.640749)
ellipse(4058.7,4228.51,4.442635,0.716237,145.27802)
ellipse(4003.075,4248.635,2.806243,1.758906,149.03624)
ellipse(4040.0333,4250.3433,1.732051,1,90)
ellipse(4039.0333,4257.01,2.757816,0.628052,118.15497)
ellipse(4081.7,4269.01,0,0,90)
ellipse(3601.7,4291.01,3,0,90)
ellipse(3630.0333,4293.01,4.455206,0.38877,146.98124)
ellipse(3647.7,4297.01,0,0,90)
ellipse(3591.4,4308.31,6.463735,3.521383,63.89131)
ellipse(3915.0333,4343.01,1.414214,0,0)
ellipse(3872.2,4360.01,1.5,0,180)
ellipse(3807.2,4370.51,2.12132,0,45)
ellipse(3927.7,4376.3433,4.148627,1.669999,118.15497)
ellipse(3575.7,4390.3433,2.757816,0.628052,28.154966)
ellipse(3491.2,4452.51,2.12132,0,45)
ellipse(3474.3667,4456.6767,2.933522,1.180868,73.154966)
ellipse(3546.7952,4458.6767,10.466172,5.108022,115.81672)
ellipse(3527.7,4459.51,1.5,0,90)
ellipse(3406.7,4468.01,3,1.732051,45)
ellipse(3560.7,4479.01,0,0,90)
ellipse(3628.45,4478.76,4.373214,1.5,45)
ellipse(3585.2,4483.26,3.37351,1.24777,173.37974)
ellipse(5012.7,4519.01,0,0,90)
ellipse(3406.7,4521.51,1.5,0,90)
ellipse(3475.7,4522.26,3.379225,1.94122,71.986313)
ellipse(3299.7,4537.51,3.354102,0,153.43495)
ellipse(3514.7,4541.01,0,0,90)
ellipse(5115.2,4553.51,2.12132,0,45)
ellipse(3660.0333,4557.01,4.148627,1.669999,28.154966)
ellipse(5074.7,4583.01,3,0,180)
ellipse(3319.7,4597.51,1.5,0,90)
ellipse(3312.7,4605.01,0,0,90)
ellipse(3316.0214,4624.26,8.033889,3.86837,130.68542)
ellipse(5135.7,4635.01,0,0,90)
ellipse(5143.7,4641.51,1.5,0,90)
ellipse(3077.7,4692.01,0,0,90)
ellipse(5125.7,4693.01,0,0,90)
ellipse(3214.2,4707.01,1.5,0,180)
ellipse(3106.7,4713.01,0,0,90)
ellipse(3129.7,4717.01,3,1.732051,45)
ellipse(3074.2,4745.51,2.12132,0,45)
ellipse(3009.2,4748.51,2.12132,0,45)
ellipse(5277.7,4835.01,0,0,90)
ellipse(2990.2,4883.01,3.354102,0,116.56505)
ellipse(3122.7,4891.01,3,0,180)
ellipse(5371.7,4892.01,3,0,90)
ellipse(2928.7,4934.01,3,0,180)
ellipse(2653.7,4941.01,0,0,90)
ellipse(5267.7,4951.01,2.44949,0,90)
ellipse(5531.7,4958.51,1.5,0,90)
ellipse(2811.7,4989.01,3,0,90)
ellipse(2938.7,5002.01,0,0,90)
ellipse(5526.7,5005.01,0,0,90)
ellipse(5431.2,5006.01,1.5,0,180)
ellipse(5396.2,5019.51,2.12132,0,45)
ellipse(2589.7,5021.01,0,0,90)
ellipse(2707.7,5034.01,0,0,90)
ellipse(2748.7,5045.01,0,0,90)
ellipse(2648.7,5050.01,0,0,90)
ellipse(2790.7,5067.51,3.354102,0,153.43495)
ellipse(5548.2,5083.01,1.5,0,180)
ellipse(5595.7,5104.01,0,0,90)
ellipse(4324.7,5148.6767,3.741657,0,90)
ellipse(4208.7,5158.01,3,0,90)
ellipse(5494.7,5167.51,3.354102,0,26.565051)
ellipse(5634.7,5212.01,0,0,90)
ellipse(5717.7,5220.01,0,0,90)
ellipse(4201.0333,5241.3433,2.933522,1.180868,73.154966)
ellipse(5660.7,5254.01,0,0,90)
ellipse(4273.7,5301.01,3,0,90)
ellipse(5539.2,5312.01,1.5,0,180)
ellipse(4481.2,5323.01,3.354102,0,116.56505)
ellipse(5502.7,5327.01,0,0,90)
ellipse(4375.7,5334.01,0,0,90)
ellipse(4218.2,5346.01,3.354102,0,116.56505)
ellipse(4601.95,5478.51,4.158258,0.38261,20.504543)
ellipse(4451.3667,5513.3433,4,0,90)
ellipse(4506.2,5556.01,1.5,0,180)
ellipse(4464.7,5581.01,3,0,180)
ellipse(4449.2,5680.01,3.354102,0,116.56505)
ellipse(4655.7,5686.01,0,0,90)
ellipse(4572.2,5794.51,2.12132,0,45)
ellipse(4730.45,5870.76,3.601738,1.97547,30.127559)
ellipse(4678.7,5894.01,3,0,90)
ellipse(4698.3667,3697.7137,8.772155,5.853134,163.07684)
ellipse(2749.5333,5165.1767,8.776901,1.86172,103.10838)
ellipse(5226.9,4631.21,4.389249,1.270626,50.884144)
ellipse(5536.7,5219.01,4.242641,0,45)
ellipse(4322.45,5487.01,2.397302,0.663659,118.99731)
ellipse(4976.7,3539.51,3.354102,0,26.565051)
