# Region file format: DS9 version 4.1
global color=green dashlist=8 3 width=1 font="helvetica 10 normal roman" select=1 highlite=1 dash=0 fixed=0 edit=1 move=1 delete=1 include=1 source=1
physical
ellipse(3402.9467,3097.6033,2.695549,2.157316,121.32506)
ellipse(3780.2723,3553.5706,7.555143,5.612102,99.40366)
ellipse(4080.1536,3621.2738,6.184711,3.951655,116.51963)
ellipse(3743.0467,3752.5033,2.838113,1.856102,65.300647)
ellipse(3923.88,3794.0033,3.187833,1.959011,125.78253)
ellipse(4115.03,3827.57,3.871993,2.768604,117.69137)
ellipse(4074.3244,3924.5589,2.759808,1.579421,136.8657)
ellipse(4137.5943,4001.8486,2.623414,1.997216,39.857743)
ellipse(3489.006,4014.8849,8.395347,5.299982,82.321066)
ellipse(3995.8064,4074.8786,3.144435,2.789731,86.227051)
ellipse(3665.5958,4077.7437,5.034716,4.062926,83.819013)
ellipse(3658.9829,4088.1994,5.104917,3.093858,70.444048)
ellipse(3771.1181,4091.6224,4.027877,2.691764,68.144699)
ellipse(4143.255,4097.295,1.5,1.403122,45)
ellipse(4010.3148,4098.8512,2.312471,2.080793,4.164751)
ellipse(3904.0077,4112.8934,2.94378,2.630428,118.67856)
ellipse(4049.7689,4119.8367,3.633081,1.984845,10.549606)
ellipse(4122.5241,4119.4497,2.443672,1.768983,26.158504)
ellipse(4010.38,4132.42,2.643623,1.203644,11.981245)
ellipse(4134.499,4140.8224,2.35831,1.742859,176.2835)
ellipse(3635.5229,4157.5986,5.329363,3.398069,69.37767)
ellipse(3849.0001,4160.3817,3.076452,2.585464,50.359049)
ellipse(4102.2371,4161.8843,4.135307,3.302944,118.86218)
ellipse(4091.2133,4164.3843,3.779848,2.586956,57.731673)
ellipse(3735.7598,4165.6267,4.101903,2.850207,81.643293)
ellipse(4141.2563,4170.4999,2.598792,2.252188,19.527166)
ellipse(4063.0379,4171.0384,4.447264,2.853819,37.803204)
ellipse(4091.255,4171.5867,3.540676,2.93862,66.931986)
ellipse(4071.4326,4176.2489,3.841248,2.934477,154.22552)
ellipse(4092.9911,4182.3367,2.008809,0.923891,83.952621)
ellipse(4031.6427,4185.5683,2.899937,2.241525,53.802317)
ellipse(4084.0893,4190.7398,2.732848,2.156759,35.625981)
ellipse(4053.63,4193.545,1.5,0.649519,33.690068)
ellipse(4073.9458,4197.9332,2.459144,2.239212,167.70294)
ellipse(3991.5675,4203.545,3.70576,1.952001,141.0332)
ellipse(4026.843,4211.5371,3.181841,2.747312,145.59092)
ellipse(4101.9445,4214.3313,6.008691,2.314715,156.02312)
ellipse(4105.373,4219.5573,2.711253,2.384493,24.412816)
ellipse(4078.9514,4356.4557,3.310755,2.436568,54.051882)
ellipse(3644.2262,4407.9008,5.618712,4.754277,46.915526)
ellipse(3979.5943,4430.27,4.370291,2.225855,17.786136)
ellipse(3843.4633,4471.2533,6.231317,2.458799,32.841303)
ellipse(3802.962,4486.9651,5.724799,3.707183,59.390083)
ellipse(4187.3345,4489.9427,5.268811,2.389707,26.062508)
ellipse(3904.3196,4508.3733,4.699726,3.852648,44.441255)
ellipse(3740.5935,4558.9958,5.100446,3.281553,49.841198)
ellipse(3656.9308,4807.7547,6.566337,6.060323,48.930617)
ellipse(2097.88,2069.67,0,0,90)
ellipse(3062.88,3159.67,2.12132,1.224745,45)
ellipse(3657.9911,3453.4478,5.178032,3.410635,53.952224)
ellipse(4025.68,3661.47,4.984576,1.798333,120.00918)
ellipse(4090.7371,3662.3843,4.797537,2.864984,101.69261)
ellipse(3534.755,3763.67,5.455122,2.230699,133.53633)
ellipse(3247.76,4376.55,8.781087,6.209132,66.122449)
ellipse(3471.4514,4418.2414,5.408375,0.933771,145.62525)
ellipse(3429.755,4425.045,5.90274,3.937183,159.5638)
ellipse(3833.88,4469.67,4.68903,1.662226,55.278023)
ellipse(3365.0467,4481.3367,5.13329,1.974673,67.274431)
ellipse(3507.3086,4522.3843,3.835242,3.531939,94.731161)
ellipse(3560.1527,4681.3064,6.000735,3.913245,103.92723)
ellipse(3664.88,4727.67,0,0,90)
ellipse(4152.8274,4773.8279,7.594169,5.494047,34.697648)
ellipse(1995.2133,2744.3367,5,1.732051,90)
ellipse(3117.5467,3173.3367,5.51848,1.883182,114.00639)
ellipse(3378.08,3592.87,3.549648,3.446738,45)
ellipse(3707.5467,3890.67,3.61701,0.957725,40.268839)
ellipse(2506.78,4265.47,5.215104,2.377539,80.744682)
ellipse(3165.5467,4329.0033,3.752701,1.384643,85.268839)
ellipse(4033.28,4803.07,4.326662,3.794733,45)
