# Region file format: DS9 version 4.1
global color=green dashlist=8 3 width=1 font="helvetica 10 normal roman" select=1 highlite=1 dash=0 fixed=0 edit=1 move=1 delete=1 include=1 source=1
physical
ellipse(5773.93,2631.1,3.354102,0,63.434949)
ellipse(5729.43,2633.1,3,0,90)
ellipse(5735.93,2662.1,1.5,0,180)
ellipse(5490.93,2758.1,3.354102,0,116.56505)
ellipse(5873.43,2782.1,3,0,90)
ellipse(5615.93,2829.1,3.354102,0,116.56505)
ellipse(5077.93,2872.1,1.5,0,180)
ellipse(5358.93,2873.1,3.354102,0,63.434949)
ellipse(5573.43,2885.1,3,0,180)
ellipse(5062.43,2911.6,3.354102,0,26.565051)
ellipse(4454.93,3026.1,3.674235,2.598076,90)
ellipse(5391.43,3056.6,3.354102,0,26.565051)
ellipse(3869.43,3132.1,3,0,180)
ellipse(5755.93,3132.1,3.354102,0,116.56505)
ellipse(5304.43,3163.1,3,0,180)
ellipse(4269.43,3227.1,3,0,90)
ellipse(5772.43,3229.6,1.5,0,90)
ellipse(4405.43,3236.1,3,0,90)
ellipse(3580.43,3253.1,3,0,90)
ellipse(3913.43,3254.1,3,0,90)
ellipse(3615.0967,3267.1,4.148627,1.669999,151.84503)
ellipse(5953.43,3316.1,0,0,90)
ellipse(5963.43,3359.1,3,0,180)
ellipse(5234.93,3400.6,2.12132,0,45)
ellipse(4061.2633,3444.2667,5.327,2.030534,142.16136)
ellipse(5728.43,3461.1,3,0,180)
ellipse(5510.43,3495.1,0,0,90)
ellipse(5351.0967,3532.7667,3.821721,2.719274,73.154966)
ellipse(3773.43,3560.1,0,0,90)
ellipse(3394.43,3594.1,3,0,180)
ellipse(3311.0207,3599.8088,15.475856,8.704787,174.79386)
ellipse(5620.43,3602.1,3,1.732051,45)
ellipse(3329.8586,3604.6714,4.435201,1.654434,20.300647)
ellipse(3624.43,3614.1,0,0,90)
ellipse(3949.43,3628.1,3,0,180)
ellipse(4269.93,3648.6,2.12132,0,45)
ellipse(5891.43,3657.1,3,0,180)
ellipse(4412.43,3662.1,0,0,90)
ellipse(3708.43,3712.1,3,0,90)
ellipse(4445.0967,3742.4333,3.97621,0.435603,109.90279)
ellipse(3716.93,3760.1,3.354102,0,63.434949)
ellipse(5810.43,3786.1,3,0,180)
ellipse(4012.93,3811.35,3.03953,1.923216,11.981245)
ellipse(4008.43,3820.1,0,0,90)
ellipse(5763.43,3853.1,3,0,180)
ellipse(4222.43,3911.1,3,0,90)
ellipse(4848.43,3914.1,0,0,90)
ellipse(4475.7633,3920.1,2.44949,1.414214,90)
ellipse(3510.93,3968.1,3.354102,0,63.434949)
ellipse(3686.7829,3978.2765,4.230899,3.297663,147.03282)
ellipse(4346.43,3981.1,0,0,90)
ellipse(3747.93,4007.6,2.12132,0,45)
ellipse(4099.43,4008.7667,2.757816,0.628052,28.154966)
ellipse(3661.93,4036,3.740586,2.295216,145.90071)
ellipse(3909.6369,4087.169,3.512967,2.073637,179.0848)
ellipse(4413.8755,4199.921,3.587666,2.854684,59.477179)
ellipse(3794.43,4208.6,3.354102,0,153.43495)
ellipse(4127.93,4238.6,2.12132,0,45)
ellipse(3496.93,4244.2667,4.910109,1.841419,144.87342)
ellipse(3713.7157,4263.6714,4.213486,1.309932,169.95238)
ellipse(3932.43,4289.4333,2.757816,0.628052,28.154966)
ellipse(4651.43,4338.1,3,0,90)
ellipse(4352.43,4356.1,0,0,90)
ellipse(4412.43,4394.1,0,0,90)
ellipse(4304.43,4418.1,0,0,90)
ellipse(3193.03,4422.3,4.158585,2.811792,137.19935)
ellipse(5078.23,4440.0333,3.274593,1.441193,133.93945)
ellipse(3867.7633,4449.1,3.61701,0.957725,139.73116)
ellipse(4336.43,4498.1,0,0,90)
ellipse(5891.93,4506.1,3.354102,0,63.434949)
ellipse(3538.43,4507.1,3,0,180)
ellipse(3778.7659,4518.35,5.965598,4.311759,141.52139)
ellipse(3661.0014,4540.1,4.955427,2.435886,142.42931)
ellipse(5946.93,4591.1,3.354102,0,63.434949)
ellipse(3309.43,4605.1,0,0,90)
ellipse(3929.43,4611.1,0,0,90)
ellipse(4702.8586,4622.5286,4.502637,2.169298,54.645023)
ellipse(4127.2078,4624.3222,7.925024,3.210156,128.39363)
ellipse(4417.43,4626.1,0,0,90)
ellipse(4493.93,4695.1,1.5,0,180)
ellipse(4488.43,4703.1,0,0,90)
ellipse(4524.6065,4724.8059,5.646452,4.472128,79.880154)
ellipse(3926.3497,4741.1065,10.704355,7.389046,131.41651)
ellipse(3308.43,4757.1,0,0,90)
ellipse(3311.43,4794.1,0,0,90)
ellipse(4035.43,4900.1,3,0,180)
ellipse(4558.93,4934.6,2.12132,0,45)
ellipse(4471.43,4963.6,3.354102,0,153.43495)
ellipse(4109.8744,5150.3222,6.234643,2.984461,131.80644)
ellipse(3624.5484,5153.0474,9.899965,7.103377,140.90222)
ellipse(3640.63,5160.5,3.286335,1.897367,63.434949)
ellipse(3799.43,5233.6,3.354102,0,26.565051)
ellipse(3445.43,5259.6,1.5,0,90)
ellipse(3451.93,4446.85,4.001875,1.192684,76.223594)
ellipse(3269.0014,4587.3857,6.587368,4.149557,2.41521)
ellipse(4797.0014,4724.8143,5.554043,2.573323,20.347766)
ellipse(5002.43,4853.1,4.743416,3,90)
ellipse(4147.7633,4934.6,4.513068,3.725885,13.776406)
ellipse(3530.83,5011.3,5.265513,2.162031,135.89496)
ellipse(5497.43,3472.6,4.5,0,90)
