# Region file format: DS9 version 4.1
global color=green dashlist=8 3 width=1 font="helvetica 10 normal roman" select=1 highlite=1 dash=0 fixed=0 edit=1 move=1 delete=1 include=1 source=1
physical
ellipse(5902.21,2866.7233,2.757816,0.628052,151.84503)
ellipse(5939.5433,2866.0567,4.42086,1.567162,145.27802)
ellipse(5926.21,2881.39,4.242641,0,0)
ellipse(5991.5433,2926.7233,3.900141,0.888199,163.15497)
ellipse(5999.8767,2927.39,2.44949,1.414214,90)
ellipse(6034.21,2944.39,0,0,90)
ellipse(5801.21,2952.39,0,0,90)
ellipse(6031.21,2960.59,3.897601,2.801554,50.654966)
ellipse(6069.71,2964.89,2.12132,0,45)
ellipse(6102.21,2988.0567,2.757816,0.628052,28.154966)
ellipse(6030.71,2996.39,1.5,0,180)
ellipse(5854.81,3000.59,5.820376,1.457129,91.950247)
ellipse(5721.21,3005.7233,1.414214,0,90)
ellipse(5887.21,3006.39,2.44949,0,180)
ellipse(5969.71,3006.39,3.354102,0,116.56505)
ellipse(5601.21,3030.39,3,1.732051,45)
ellipse(6078.21,3033.39,3,0,180)
ellipse(5712.5433,3034.39,4.455206,0.38877,33.018756)
ellipse(6031.21,3043.39,0,0,90)
ellipse(5869.96,3050.14,4.610414,0.345086,147.60056)
ellipse(5669.5433,3076.0567,2,0,90)
ellipse(5632.71,3083.39,1.5,0,180)
ellipse(5671.8767,3084.7233,4.630368,0.748127,36.650378)
ellipse(5772.21,3088.39,0,0,90)
ellipse(5770.81,3096.19,5.559216,2.257237,56.494358)
ellipse(5627.8767,3123.7233,3.162278,0,63.434949)
ellipse(5523.71,3126.39,1.5,0,180)
ellipse(5879.21,3128.64,5.322603,0.597824,142.57703)
ellipse(5601.96,3129.39,4.573915,1.807429,164.67467)
ellipse(5624.21,3148.89,1.5,0,90)
ellipse(5816.96,3156.89,3.831231,1.661075,35.354977)
ellipse(5580.8767,3169.7233,3.900141,0.888199,16.845034)
ellipse(5336.5433,3188.7233,1.732051,1,90)
ellipse(5472.96,3199.89,3.596874,2.12132,116.56505)
ellipse(5619.21,3202.89,3.354102,0,26.565051)
ellipse(5652.8767,3204.0567,2.933522,1.180868,16.845034)
ellipse(5528.46,3211.89,4.001875,1.192684,13.776406)
ellipse(5498.21,3230.14,4.604666,1.727585,40.55967)
ellipse(5504.21,3234.0567,2.44949,1.414214,180)
ellipse(5352.96,3239.64,4.623311,3,45)
ellipse(5276.5433,3246.7233,2.933522,1.180868,73.154966)
ellipse(5286.21,3252.39,0,0,90)
ellipse(5255.21,3258.0567,3.61701,0.957725,130.26884)
ellipse(5617.96,3261.14,5.057481,0.544871,61.137822)
ellipse(5235.8767,3266.39,2.757816,0.628052,118.15497)
ellipse(5240.5433,3273.39,3.61701,0.957725,40.268839)
ellipse(5296.21,3278.7233,4.306275,1.206647,169.72198)
ellipse(5558.5433,3278.39,1.414214,0,180)
ellipse(5528.21,3301.39,3.464102,0,45)
ellipse(5582.71,3300.39,4.442635,0.716237,124.72198)
ellipse(5247.21,3308.89,1.5,0,90)
ellipse(5545.46,3323.14,4.537436,2.299277,53.551365)
ellipse(5109.21,3339.39,3,0,180)
ellipse(5398.8767,3341.0567,2,0,45)
ellipse(5349.21,3343.39,0,0,90)
ellipse(5374.71,3348.64,5.023321,1.097153,118.71297)
ellipse(5483.21,3349.39,0,0,90)
ellipse(5414.21,3353.39,3,0,90)
ellipse(5488.96,3378.14,5.441094,0.877208,169.72198)
ellipse(5154.71,3385.39,1.5,0,180)
ellipse(5288.21,3394.7233,3.61701,0.957725,130.26884)
ellipse(5157.21,3396.39,3,0,180)
ellipse(5363.8767,3404.39,2.44949,1.414214,90)
ellipse(5333.8767,3413.0567,2.933522,1.180868,73.154966)
ellipse(5253.5433,3434.0567,3.900141,0.888199,16.845034)
ellipse(5147.21,3446.39,0,0,90)
ellipse(5156.71,3468.39,1.5,0,180)
ellipse(5257.8767,3483.0567,4,0,45)
ellipse(5339.21,3482.39,0,0,90)
ellipse(5249.21,3497.64,4.418027,2.16068,161.34803)
ellipse(5206.71,3503.89,2.12132,0,45)
ellipse(5037.8767,3536.7233,3.464102,2,45)
ellipse(4963.71,3538.89,3.432368,1.311048,13.282526)
ellipse(4924.71,3540.89,2.12132,0,45)
ellipse(4986.71,3563.89,2.12132,0,45)
ellipse(5013.5433,3576.7233,4.630368,0.748127,126.65038)
ellipse(4779.71,3581.39,1.5,0,180)
ellipse(4701.71,3590.39,3.354102,0,116.56505)
ellipse(4852.71,3635.89,2.12132,0,45)
ellipse(5020.21,3650.0567,1.414214,0,90)
ellipse(4659.4023,3667.0567,6.988269,6.302053,40.346759)
ellipse(4838.21,3684.39,0,0,90)
ellipse(4705.585,3691.64,4.034334,2.349686,31.382427)
ellipse(4502.21,3693.39,0,0,90)
ellipse(4698.4827,3695.4355,6.480005,4.079179,149.16603)
ellipse(4678.1844,3704.1079,6.24558,3.716087,154.62198)
ellipse(4556.96,3713.64,4.107919,0,18.434949)
ellipse(4546.21,3725.89,1.5,0,90)
ellipse(4583.71,3738.39,3.354102,0,116.56505)
ellipse(4504.71,3747.89,2.12132,0,45)
ellipse(4748.71,3751.39,1.5,0,180)
ellipse(4656.8767,3791.39,3.741657,0,0)
ellipse(4392.46,3796.14,3.968627,1.06066,11.309932)
ellipse(4642.71,3797.64,3.858373,1.597015,147.11387)
ellipse(4364.96,3804.14,3.923677,1.216454,7.018122)
ellipse(4528.21,3813.39,0,0,90)
ellipse(4587.21,3826.89,3.354102,0,26.565051)
ellipse(4723.21,3837.39,0,0,90)
ellipse(4334.21,3857.39,2.44949,0,90)
ellipse(4645.21,3893.89,1.5,0,90)
ellipse(4183.21,3917.39,3,0,180)
ellipse(4126.5273,3945.4435,2.97758,2.530894,155.13171)
ellipse(4133.01,3959.99,2.881391,1.580376,48.562508)
ellipse(4383.21,3963.39,0,0,90)
ellipse(4150.21,3966.99,4.386173,3.423666,126.65038)
ellipse(4140.81,3979.39,3.921774,1.086135,105.23277)
ellipse(4202.96,3987.14,2.598076,1.06066,71.565051)
ellipse(4098.21,3990.0567,2.757816,0.628052,151.84503)
ellipse(4428.5433,4010.8344,4.915492,1.435327,37.422966)
ellipse(4182.5225,4014.3275,2.048351,1.280701,3.953581)
ellipse(4107.71,4023.39,4.76938,1.415278,20.300647)
ellipse(4333.0767,4040.9233,5.675918,2.87471,161.6416)
ellipse(4077.3767,4055.3067,5.637992,2.765962,35.242949)
ellipse(4050.9322,4056.6678,5.083074,3.282297,105.17385)
ellipse(4032.46,4074.39,2.487469,2.12132,180)
ellipse(3959.21,4075.39,3.432368,1.311048,121.71747)
ellipse(4089.5933,4075.8067,3.645808,3.423899,28.813422)
ellipse(4094.7973,4077.2154,4.284057,3.461569,110.34931)
ellipse(4084.6039,4079.6021,2.281387,1.975528,55.022625)
ellipse(3975.21,4085.39,3.464102,0,45)
ellipse(4115.7933,4085.3067,6.443048,3.515982,104.49151)
ellipse(4267.335,4085.14,4.189148,2.317955,52.018122)
ellipse(4138.3211,4086.7233,6.165385,0.936438,88.971177)
ellipse(4172.8767,4088.7233,2.933522,1.180868,163.15497)
ellipse(4298.21,4087.89,1.5,0,90)
ellipse(4083.2605,4089.8665,3.783888,3.315826,39.217406)
ellipse(4072.5308,4092.3711,4.271787,3.617573,73.401585)
ellipse(4046.4957,4094.8186,4.772538,1.354667,89.497457)
ellipse(4110.41,4098.99,2.549983,0.835217,30.127559)
ellipse(4230.71,4098.59,3.722676,2.057105,114.20547)
ellipse(4092.9208,4100.2093,5.950792,4.825827,87.093097)
ellipse(4037.0433,4100.7233,4.719341,3.31328,2.539804)
ellipse(4072.4957,4102.1519,5.673215,5.070759,97.960291)
ellipse(3957.3767,4104.0567,5.99579,2.510081,54.599424)
ellipse(4065.7285,4105.7233,6.563996,3.718539,30.430431)
ellipse(4004.6544,4109.6122,5.839482,3.417342,70.315341)
ellipse(4086.9985,4109.1977,6.365638,4.131586,27.788457)
ellipse(4078.7973,4112.39,11.608199,5.127209,43.36643)
ellipse(4322.6386,4113.2471,3.554052,2.945308,55.900705)
ellipse(4075.5203,4116.5624,4.452821,3.07438,76.77033)
ellipse(4200.9039,4124.1247,2.879933,2.04653,10.541289)
ellipse(4213.21,4126.1173,2.232747,1.307308,46.301281)
ellipse(4139.71,4127.4733,6.49786,4.383527,160.86456)
ellipse(4002.96,4142.39,3.84019,3.07253,118.99731)
ellipse(4094.71,4157.89,2.12132,0,45)
ellipse(4236.21,4164.89,1.5,0,90)
ellipse(3855.5433,4176.39,4.148627,1.669999,151.84503)
ellipse(3946.3211,4179.9456,4.399671,1.937525,84.665109)
ellipse(3980.21,4183.39,3,0,180)
ellipse(3880.5433,4186.39,2.757816,0.628052,118.15497)
ellipse(3872.21,4192.39,0,0,90)
ellipse(3938.21,4198.39,0,0,90)
ellipse(3948.7839,4199.6596,2.834267,2.308932,89.653644)
ellipse(3941.71,4207.64,3.291645,1.450026,97.465709)
ellipse(3986.8918,4209.2991,3.107331,2.420528,133.83039)
ellipse(4060.61,4216.5567,3.566479,2.736828,96.632807)
ellipse(3888.6212,4227.2218,2.856666,2.167579,88.047098)
ellipse(4085.71,4227.39,1.5,0,180)
ellipse(3797.5433,4234.7233,1.732051,1,90)
ellipse(4113.8767,4240.39,3.61701,0.957725,40.268839)
ellipse(4003.41,4247.99,1.714182,0.813376,125.78253)
ellipse(3857.71,4256.89,2.12132,0,45)
ellipse(3965.5433,4282.39,4.148627,1.669999,28.154966)
ellipse(3590.0433,4307.89,3.623678,2.317101,37.534291)
ellipse(3668.21,4331.39,0,0,90)
ellipse(3837.21,4364.39,0,0,90)
ellipse(3576.21,4368.0567,2.44949,1.414214,180)
ellipse(3667.21,4382.39,0,0,90)
ellipse(3437.71,4383.89,2.12132,0,45)
ellipse(3571.96,4390.39,4.473681,2.042958,8.252181)
ellipse(3378.21,4412.39,0,0,90)
ellipse(3419.71,4421.89,2.12132,0,45)
ellipse(3595.21,4422.39,0,0,90)
ellipse(3372.71,4424.14,5.130449,2.148487,164.3908)
ellipse(3514.71,4430.39,3.354102,0,63.434949)
ellipse(3392.46,4442.64,3.517812,3,45)
ellipse(3782.21,4452.39,0,0,90)
ellipse(3546.6174,4459.6122,9.326298,5.894791,30.523998)
ellipse(3697.21,4464.39,3,0,90)
ellipse(3626.21,4468.39,0,0,90)
ellipse(3512.21,4492.39,0,0,90)
ellipse(3426.8767,4531.0567,3.162278,0,116.56505)
ellipse(3352.71,4583.89,2.12132,0,45)
ellipse(3214.71,4590.89,2.12132,0,45)
ellipse(5025.21,4593.39,0,0,90)
ellipse(5185.71,4605.39,3.354102,0,116.56505)
ellipse(3177.71,4623.39,1.5,0,180)
ellipse(3317.2423,4623.2287,5.826683,4.885773,49.328559)
ellipse(5060.71,4645.89,2.12132,0,45)
ellipse(3237.5433,4671.0567,3.162278,0,26.565051)
ellipse(5095.21,4673.39,0,0,90)
ellipse(3007.71,4674.89,2.12132,0,45)
ellipse(4995.71,4704.89,2.12132,0,45)
ellipse(5056.21,4712.39,0,0,90)
ellipse(5251.21,4724.89,1.5,0,90)
ellipse(2967.21,4731.39,0,0,90)
ellipse(5031.71,4742.89,2.12132,0,45)
ellipse(2950.71,4744.39,1.5,0,180)
ellipse(5218.71,4752.39,1.5,0,180)
ellipse(5172.21,4757.0567,1.414214,0,90)
ellipse(5281.21,4774.39,0,0,90)
ellipse(5216.71,4787.89,2.12132,0,45)
ellipse(3037.21,4798.39,0,0,90)
ellipse(5186.71,4803.39,1.5,0,180)
ellipse(3052.71,4854.89,4.242641,2.12132,45)
ellipse(2748.71,4857.39,1.5,0,180)
ellipse(3040.21,4867.89,1.5,0,90)
ellipse(5130.21,4915.39,0,0,90)
ellipse(5127.71,4961.39,1.5,0,180)
ellipse(5349.21,4967.39,0,0,90)
ellipse(2798.71,4984.89,2.12132,0,45)
ellipse(5317.21,4997.39,0,0,90)
ellipse(2757.71,5045.39,1.5,0,180)
ellipse(2619.71,5072.39,1.5,0,180)
ellipse(4125.71,5087.39,1.5,0,180)
ellipse(2562.21,5089.39,3,0,90)
ellipse(2581.21,5115.39,0,0,90)
ellipse(2694.21,5123.89,1.5,0,90)
ellipse(4126.21,5125.39,0,0,90)
ellipse(5257.21,5161.39,0,0,90)
ellipse(5289.21,5192.39,0,0,90)
ellipse(5556.21,5197.39,0,0,90)
ellipse(5444.21,5204.89,3.354102,0,26.565051)
ellipse(4128.21,5227.39,0,0,90)
ellipse(5512.71,5233.39,1.5,0,180)
ellipse(5561.21,5240.89,3.354102,0,153.43495)
ellipse(5490.21,5248.39,3,1.732051,45)
ellipse(4130.21,5280.89,3.354102,0,153.43495)
ellipse(4227.71,5292.39,3.354102,0,63.434949)
ellipse(5537.8767,5324.39,3.872983,2.236068,18.434949)
ellipse(4188.21,5368.39,0,0,90)
ellipse(5526.21,5399.39,0,0,90)
ellipse(4330.21,5440.39,4.242641,0,0)
ellipse(4568.21,5587.39,0,0,90)
ellipse(4597.5433,5636.7233,3.752701,1.384643,175.26884)
ellipse(4536.21,5661.39,0,0,90)
ellipse(4635.8767,5692.0567,3.900141,0.888199,163.15497)
ellipse(4498.71,5731.39,1.5,0,180)
ellipse(4535.21,5815.39,0,0,90)
ellipse(4670.21,5854.89,1.5,0,90)
ellipse(4494.71,5877.89,2.12132,0,45)
ellipse(4563.8767,5906.39,2.828427,0,180)
ellipse(4673.71,5943.89,2.12132,0,45)
ellipse(4651.21,5963.39,0,0,90)
ellipse(4320.6645,5487.2991,7.460698,4.204382,109.39999)
