# Region file format: DS9 version 4.1
global color=green dashlist=8 3 width=1 font="helvetica 10 normal roman" select=1 highlite=1 dash=0 fixed=0 edit=1 move=1 delete=1 include=1 source=1
physical
ellipse(3584.2943,3750.7317,7.193858,5.439868,44.515174)
ellipse(2927.2693,3982.39,5.578544,4.569447,63.211142)
ellipse(3539.6353,3999.9581,6.446909,4.844482,70.209793)
ellipse(4046.1083,4060.1727,2.764983,2.39157,9.035611)
ellipse(3715.6013,4063.5573,4.582723,2.797166,71.86169)
ellipse(4124.836,4064.49,2.549283,1.743891,25.670096)
ellipse(3709.3082,4073.8752,3.973238,3.038276,54.796518)
ellipse(3821.717,4076.7138,3.546772,1.711903,53.105866)
ellipse(4060.5178,4084.0536,2.168996,2.059046,153.43495)
ellipse(3954.586,4098.4106,2.699772,2.10159,131.10518)
ellipse(4100.2451,4105.5536,2.713602,1.909091,171.8699)
ellipse(4172.6693,4104.9733,3.528274,1.994689,21.608967)
ellipse(4184.6846,4126.4194,2.987015,2.844016,106.26753)
ellipse(3686.4471,4142.5789,5.779692,2.371273,61.646424)
ellipse(3899.3591,4145.8138,2.91661,2.530357,171.49005)
ellipse(4152.6693,4147.0789,6.214864,2.294419,120.77854)
ellipse(4141.7434,4149.7826,4.241766,2.520535,148.63585)
ellipse(3786.4044,4151.1637,3.82575,2.870816,43.037243)
ellipse(4191.6822,4156.0208,2.640455,2.56446,151.70597)
ellipse(4113.536,4156.59,3.610396,2.768581,115.22017)
ellipse(4141.6277,4156.4817,3.605924,2.542845,78.310787)
ellipse(4121.3916,4161.6344,3.486497,2.745684,142.85432)
ellipse(4153.1879,4161.8567,2.951879,1.937923,58.154919)
ellipse(4142.961,4167.065,3.376733,1.715058,169.27613)
ellipse(4082.0522,4171.0278,2.40468,1.958858,54.133284)
ellipse(4134.6693,4176.2567,3.422016,2.012413,77.654221)
ellipse(4124.3581,4183.3738,2.765723,2.59489,25.974394)
ellipse(4061.6217,4186.19,4.345854,0.974826,162.50399)
ellipse(4041.7571,4188.9795,3.313021,1.47896,55.297045)
ellipse(4077.2125,4196.9801,2.579964,2.255649,5.726223)
ellipse(4152.9846,4199.5143,4.931618,2.12446,150.65799)
ellipse(4155.6651,4205.1394,2.251261,2.046233,126.13838)
ellipse(4183.086,4259.815,2.636409,1.896371,28.488066)
ellipse(4129.5713,4342.2488,2.4083,1.931192,93.455613)
ellipse(3695.4789,4393.5087,7.305532,4.803121,32.509804)
ellipse(3522.4898,4403.2669,4.891243,3.726445,35.398013)
ellipse(4030.1574,4415.7614,3.536879,3.002452,15.85307)
ellipse(3892.7646,4456.1186,4.215044,2.367668,47.274021)
ellipse(4236.6693,4475.1344,4.359719,1.86147,178.77079)
ellipse(3954.579,4493.7906,3.880037,3.418672,16.640566)
ellipse(4560.9753,4535.9113,7.488477,4.349931,0.425211)
ellipse(3791.4701,4544.501,7.427203,3.898806,26.418052)
ellipse(4441.4583,4584.19,7.652452,4.884599,170.86571)
ellipse(4351.0811,4638.8763,7.560388,4.132291,167.7551)
ellipse(3706.8451,4793.4991,8.674275,4.570759,19.241736)
ellipse(4373.4789,4849.3329,3.123135,1.654032,21.439452)
ellipse(2996.1301,3822.4547,7.153848,4.013037,75.135447)
ellipse(3454.0027,4240.8567,2,0,45)
ellipse(3299.7646,4364.1186,8.488503,3.234289,49.04995)
ellipse(3558.0633,4508.19,8.253081,5.26903,85.920012)
ellipse(4448.0027,4526.8567,3.162278,0,153.43495)
ellipse(3713.0027,4714.5233,4,5.7e-05,90)
ellipse(4203.211,4760.69,4.763444,2.746629,83.562499)
ellipse(4081.136,4788.19,5.320314,3.022294,17.143439)
ellipse(4045.036,5279.44,8.240538,4.502336,71.058948)
ellipse(3371.9193,5565.69,7.8254,5.167264,113.48999)
ellipse(3977.911,5983.29,7.145685,5.029768,48.972168)
ellipse(3215.0027,4317.3567,7.11028,1.921957,66.743439)
ellipse(3481.586,4412.44,5.24634,1.688464,68.423805)
ellipse(3144.0027,4441.5233,2,7.8e-05,90)
ellipse(3179.336,4532.19,2.44949,0,180)
ellipse(3413.836,4625.44,4.683748,0,56.309932)
ellipse(3609.7646,4666.0471,5.298389,2.467862,4.809864)
ellipse(4800.836,4691.44,2.643623,1.203644,168.01875)
ellipse(1505.336,4828.69,3.354102,0,153.43495)
ellipse(3388.8027,5575.9567,8.003988,6.736926,130.42518)
ellipse(3957.0317,5983.4074,3.619614,3.386075,157.5)
ellipse(1737.836,4845.19,1.5,0,180)
ellipse(3743.336,5878.5233,2.828427,2.44949,90)
