# Region file format: DS9 version 4.1
global color=green dashlist=8 3 width=1 font="helvetica 10 normal roman" select=1 highlite=1 dash=0 fixed=0 edit=1 move=1 delete=1 include=1 source=1
physical
ellipse(4204.33,2367.56,4.242641,0,45)
ellipse(5244.58,3257.56,3.875431,0.410533,32.688218)
ellipse(4310.33,3319.56,0,0,90)
ellipse(3802.33,3390.56,3,0,180)
ellipse(4164.6633,3559.8933,2,0,45)
ellipse(3977.9967,3659.8933,4.630368,0.748127,36.650378)
ellipse(3940.4133,3749.7267,4.052765,2.551979,124.46828)
ellipse(4531.0281,3753.1935,9.715668,6.716783,158.85179)
ellipse(5249.83,3832.06,2.12132,0,45)
ellipse(4223.0947,3938.0894,2.366001,1.8862,141.16954)
ellipse(3705.9967,3944.56,2.101003,1.25928,22.5)
ellipse(5261.83,3955.56,1.5,0,180)
ellipse(4095.93,3959.2267,3.769474,2.085921,128.43299)
ellipse(4626.83,3963.56,1.5,0,180)
ellipse(4517.83,3967.56,3.354102,0,63.434949)
ellipse(3852.1403,3968.8876,3.792279,2.974278,128.63347)
ellipse(4085.93,4107.56,2.788698,1.258238,72.231161)
ellipse(3725.1819,4116.2637,5.759707,3.808516,108.92752)
ellipse(3819.2531,4156.4677,3.716618,2.792001,73.965062)
ellipse(4070.33,4162.0383,4.506381,1.962478,60.563149)
ellipse(4590.2324,4181.682,5.975132,5.802038,99.502992)
ellipse(3867.23,4192.06,5.813783,2.657052,147.3337)
ellipse(3692.8685,4331.6882,6.259655,3.538484,68.561214)
ellipse(4273.9014,4360.2743,3.157043,2.087968,74.196249)
ellipse(4146.53,4431.32,4.007994,1.69044,48.570257)
ellipse(4208.33,4601.06,1.5,0,90)
ellipse(5880.33,4711.06,1.5,0,90)
ellipse(5101.33,4813.2267,3.61701,0.957725,49.731161)
ellipse(5448.33,5035.06,1.5,0,90)
ellipse(3641.33,5104.06,1.5,0,90)
ellipse(3462.33,5179.8933,2.757816,0.628052,28.154966)
ellipse(5668.33,5373.56,3,0,90)
ellipse(3736.33,5450.06,1.5,0,90)
ellipse(3583.83,5577.06,2.12132,0,45)
ellipse(4142.8856,3760.3378,5.549795,3.313239,133.0716)
ellipse(3870.7845,3815.2873,5.084934,3.538871,117.26832)
ellipse(4980.7467,4187.8933,5.725591,3.860713,159.9818)
ellipse(3733.58,4228.06,3.510154,0.785058,107.6088)
ellipse(4362.93,4362.76,6.010535,2.296402,24.155471)
ellipse(4405.8856,4384.2267,5.917658,3.34717,20.039692)
ellipse(3572.83,4420.56,5.088062,3.919391,132.95719)
ellipse(3923.6027,4469.6509,6.16474,3.461135,49.27348)
ellipse(3648.2247,4506.0863,8.417819,5.95776,96.146115)
ellipse(4922.0633,4533.5267,9.188113,5.781745,49.928812)
ellipse(5600.6633,4728.56,4.148627,1.669999,28.154966)
ellipse(4270.8633,4830.2933,4.564367,2.677042,38.917485)
ellipse(5384.58,4862.56,4.422452,0.359753,56.054724)
ellipse(3890.2712,5067.7953,7.430004,5.808289,10.453118)
ellipse(3688.33,5924.56,3,0,90)
ellipse(4129.33,3109.06,3.203669,0.99323,52.018122)
ellipse(4252.9967,3253.56,4.148627,1.669999,28.154966)
ellipse(3816.93,3416.26,7.408687,2.22741,25.903984)
ellipse(5311.1871,3555.4171,5.934691,2.850681,20.300647)
ellipse(5251.08,3565.31,3.968627,1.06066,168.69007)
ellipse(4001.33,3658.81,5.778843,2.965211,84.730408)
ellipse(5148.33,3743.56,5.883589,3.222325,55.900705)
ellipse(3646.33,3957.76,3.404599,2.061239,50.654966)
ellipse(5315.705,4522.685,7.786657,4.223354,158.69851)
ellipse(3773.33,4749.1314,4.942527,3.711537,113.19859)
ellipse(4909.4729,5041.2743,6.750977,3.370918,43.461272)
ellipse(3473.33,5183.8933,8.486263,3.461696,104.99082)
ellipse(4193.83,2789.8933,5.131314,4.113346,126.50459)
ellipse(4173.6633,2966.2267,6.270025,0.828729,10.625253)
ellipse(4377.33,3097.56,4.743416,3,90)
ellipse(4239.33,3185.56,0,0,90)
ellipse(5256.1633,3336.7267,8.202197,2.687744,178.80703)
ellipse(4517.33,3425.56,0,0,90)
ellipse(5596.33,4575.56,0,0,90)
ellipse(4085.13,5221.16,6.402077,1.487752,74.335654)
