# Region file format: DS9 version 4.1
global color=green dashlist=8 3 width=1 font="helvetica 10 normal roman" select=1 highlite=1 dash=0 fixed=0 edit=1 move=1 delete=1 include=1 source=1
physical
ellipse(4370.9392,3161.6815,6.171451,4.472933,124.42445)
ellipse(3533.3473,3448.3791,5.648129,4.343681,79.988334)
ellipse(3466.3387,3609.0778,12.701511,8.797568,99.601235)
ellipse(4078.023,3624.0432,6.411929,4.114711,119.115)
ellipse(4584.5114,3684.7775,8.405277,5.370873,145.06611)
ellipse(4254.1003,3687.7528,5.449572,3.140629,129.50985)
ellipse(4247.6473,3698.0811,5.811827,3.818181,112.15071)
ellipse(4359.67,3701.3867,5.082853,3.746946,130.11911)
ellipse(4598.8174,3709.7392,8.882693,6.709977,142.83799)
ellipse(4492.3901,3722.873,6.139967,4.627451,125.32302)
ellipse(4711.279,3729.6751,12.83074,5.61651,138.35412)
ellipse(4777.62,3740.4155,6.525612,3.604615,141.05945)
ellipse(4722.0162,3752.4892,6.834236,5.354271,52.354024)
ellipse(4223.8422,3766.9589,5.403073,2.617488,128.20027)
ellipse(4437.3242,3770.3658,5.840226,3.681151,139.45534)
ellipse(4811.3409,3772.0599,11.733365,9.548027,150.97065)
ellipse(4324.4241,3775.6001,5.26716,3.43507,139.56571)
ellipse(4618.8416,3796.4994,7.065555,5.162087,163.64697)
ellipse(4918.9756,3804.6367,6.85757,4.790193,161.98145)
ellipse(4982.3019,3808.4385,5.729883,3.982554,142.67019)
ellipse(4615.1936,3821.5691,6.574568,4.742809,149.33047)
ellipse(4965.62,3823.87,1.613996,0.997505,121.71747)
ellipse(3092.6473,3877.7768,11.08578,9.348564,6.300823)
ellipse(4191.17,3891.1082,2.644965,2.498711,147.57924)
ellipse(4659.8178,3931.0829,9.313005,4.677807,157.04232)
ellipse(3752.3089,3941.3033,4.67183,2.704235,78.508701)
ellipse(4496.42,3957.27,5.000526,2.287955,163.44433)
ellipse(4666.8274,3966.7293,6.426728,4.892008,165.22352)
ellipse(3838.42,3988.7777,2.973254,2.882307,90)
ellipse(4232.7453,4017.7592,2.729413,2.148604,140.69124)
ellipse(4061.3024,4026.8229,2.605205,1.598582,21.307028)
ellipse(4158.2867,4028.47,2.72346,1.795206,162.54875)
ellipse(4567.3431,4040.4444,5.131498,3.451993,154.78535)
ellipse(4421.8983,4079.4265,4.721452,1.950945,170.71582)
ellipse(4431.92,4081.5325,4.471575,2.744514,144.29414)
ellipse(3951.92,4091.6575,3.60367,2.293394,54.423571)
ellipse(4773.4898,4099.9816,5.00599,3.478295,160.44159)
ellipse(4492.3176,4118.3401,4.575219,3.157028,158.53901)
ellipse(4095.5128,4131.3476,2.91636,2.624907,0.932419)
ellipse(3718.42,4154.3033,4.60709,1.012285,71.777779)
ellipse(4328.9334,4168.8361,2.598134,2.003803,165.8864)
ellipse(1974.42,4171.47,0,0,90)
ellipse(4977.7141,4209.7053,10.023311,6.094158,159.32752)
ellipse(3888.92,4286.6367,2.390024,0.887573,56.981245)
ellipse(4149.3612,4291.5876,2.699762,2.175327,88.603649)
ellipse(4252.7533,4337.47,1.414214,0,180)
ellipse(4620.17,4412.7825,8.199086,3.891796,162.35031)
ellipse(4245.3089,4417.8157,3.036122,2.19491,20.73074)
ellipse(4581.8124,4906.2928,5.939465,4.56221,33.57098)
ellipse(4588.1761,4906.6163,3.676341,2.930127,1.18261)
ellipse(4423.3783,4977.3033,8.965639,5.966716,6.205857)
ellipse(4666.67,3233.3867,4.693494,3.653233,138.30673)
ellipse(4614.17,3272.97,3.909552,1.467277,4.932903)
ellipse(4123.1057,3373.8986,8.524872,5.725777,88.997258)
ellipse(4294.545,3502.47,6.06824,3.377994,79.629206)
ellipse(3498.045,3590.47,5.383427,2.622612,33.185311)
ellipse(4727.32,3610.7367,7.894259,5.714077,28.854014)
ellipse(4745.7243,3691.1222,5.876114,3.639291,141.18492)
ellipse(4638.7533,3732.1367,5.313765,2.400812,151.13782)
ellipse(4678.7719,3780.8589,11.364924,7.259237,11.633003)
ellipse(4661.3745,3785.7882,6.682321,4.074144,176.91797)
ellipse(4661.4867,3809.4033,5.242072,4.521137,15.761089)
ellipse(4579.8644,3815.5811,5.677596,4.108043,178.34111)
ellipse(4690.1533,3824.77,6.973703,5.849569,4.067862)
ellipse(4708.0867,3846.0256,5.682904,2.815462,6.321076)
ellipse(3991.62,3866.27,3.525437,1.118614,97.465709)
ellipse(5098.12,4161.32,7.083917,4.307623,167.45585)
ellipse(4885.42,4263.72,5.383078,4.467658,136.78817)
ellipse(4742.17,4384.97,4.692588,2.582076,4.213485)
ellipse(4913.5629,4474.8986,6.400808,3.710033,46.160765)
ellipse(4169.295,4585.595,6.636059,1.712152,4.924507)
ellipse(4249.42,3066.47,0,0,90)
ellipse(3965.82,3204.67,5.13851,3.097695,49.932903)
ellipse(4512.8486,3401.7557,6.40166,3.452058,81.927831)
ellipse(4959.06,3424.27,12.519353,5.379535,59.512879)
ellipse(4765.0867,3453.9144,5.550819,2.722247,137.17849)
ellipse(4792.6075,3579.22,9.496046,6.144812,100.86502)
ellipse(3678.545,4073.97,5.47449,4.273679,75.639837)
ellipse(3553.62,4452.87,5.818801,2.396153,178.53216)
ellipse(2616.6422,4496.6922,6.487082,4.362211,98.693486)
ellipse(4466.795,4970.845,5.746874,4.294437,160.23868)
ellipse(5344.0867,4316.1367,5.196152,1,11.309932)
ellipse(2270.7533,4449.6367,6.61877,4.235785,73.61575)
