# Region file format: DS9 version 4.1
global color=green dashlist=8 3 width=1 font="helvetica 10 normal roman" select=1 highlite=1 dash=0 fixed=0 edit=1 move=1 delete=1 include=1 source=1
physical
polygon(2465.693,2348.1686,2465.853,2348.0195,3346.8537,1835.1145,3347.0613,1835.0472,3392.6981,1835.085,3905.6588,2716.2757,3905.66,2761.1247,3024.4222,3274.231,2978.7112,3274.1745,2465.6926,2393.0179)
polygon(2989.4379,3248.3331,2989.5145,3248.2326,3870.5777,2735.2941,3870.7018,2735.2754,3916.3847,2735.2859,4429.3432,3616.4641,4429.3443,3661.3127,3548.1982,4174.3626,3502.4412,4174.3333,2989.437,3293.1818)
polygon(4953.8945,4562.9984,4953.8533,4563.0758,4072.6324,5075.8125,4026.8292,5075.8101,4026.7404,5075.8059,3514.0627,4194.5224,3514.0557,4194.4706,3514.0569,4149.6221,4395.3492,3636.9068,4441.0785,3636.8902,4441.119,3636.9201,4953.8933,4518.1498)
polygon(5477.1317,5462.2494,5477.0071,5462.3754,4595.8302,5975.0332,4595.658,5975.0774,4549.8085,5975.1017,4037.1665,5093.7331,4037.1677,5048.8843,4918.5696,4536.1585,4964.3453,4536.1152,5477.1301,5417.4004)
polygon(6000.5676,6361.8007,6000.3596,6361.9752,5119.1977,6874.5316,5118.9421,6874.6243,5073.0462,6874.675,4560.4704,5993.2468,4560.4713,5948.3974,5442.0127,5435.6831,5487.8349,5435.6133,6000.5654,6316.9509)
polygon(2465.693,2348.1686,2465.853,2348.0195,3346.8537,1835.1145,3347.0613,1835.0472,3392.6981,1835.085,3905.6588,2716.2757,3905.66,2761.1247,3024.4222,3274.231,2978.7112,3274.1745,2465.6926,2393.0179)
polygon(2989.4379,3248.3331,2989.5145,3248.2326,3870.5777,2735.2941,3870.7018,2735.2754,3916.3847,2735.2859,4429.3432,3616.4641,4429.3443,3661.3127,3548.1982,4174.3626,3502.4412,4174.3333,2989.437,3293.1818)
polygon(4953.8945,4562.9984,4953.8533,4563.0758,4072.6324,5075.8125,4026.8292,5075.8101,4026.7404,5075.8059,3514.0627,4194.5224,3514.0557,4194.4706,3514.0569,4149.6221,4395.3492,3636.9068,4441.0785,3636.8902,4441.119,3636.9201,4953.8933,4518.1498)
polygon(5477.1317,5462.2494,5477.0071,5462.3754,4595.8302,5975.0332,4595.658,5975.0774,4549.8085,5975.1017,4037.1665,5093.7331,4037.1677,5048.8843,4918.5696,4536.1585,4964.3453,4536.1152,5477.1301,5417.4004)
polygon(6000.5676,6361.8007,6000.3596,6361.9752,5119.1977,6874.5316,5118.9421,6874.6243,5073.0462,6874.675,4560.4704,5993.2468,4560.4713,5948.3974,5442.0127,5435.6831,5487.8349,5435.6133,6000.5654,6316.9509)
box(4230.9056,4354.7703,5257.9223,1082.1028,59.75)
circle(3797.138,3570.1891,3570)
