# Region file format: DS9 version 4.1
global color=green dashlist=8 3 width=1 font="helvetica 10 normal roman" select=1 highlite=1 dash=0 fixed=0 edit=1 move=1 delete=1 include=1 source=1
physical
polygon(5219.1699,2236.6637,5219.3003,2236.7419,5713.9542,3126.9963,5713.9549,3171.7696,4825.2656,3668.7496,4780.8016,3668.7851,4780.7697,3668.7348,4285.9288,2778.4433,4285.9301,2733.6698,5174.7775,2236.7194)
polygon(6221.5369,4084.8796,5330.2976,4577.5329,5285.7878,4577.5935,4790.8068,3687.325,4790.8081,3642.5519,5681.9884,3150.0487,5726.4269,3149.9677,5726.4925,3150.0819,6221.5335,4039.9573,6221.5359,4040.1066)
polygon(3939.9377,2731.5302,4436.0539,3622.2996,4436.0549,3667.0727,3545.3148,4163.2685,3500.826,4163.2398,3004.6819,3272.486,3004.6828,3227.7128,3004.7429,3227.637,3895.4255,2731.5337,3895.5208,2731.5211)
polygon(4007.8972,5074.5272,3512.0613,4183.6464,3512.0566,4183.6065,3512.0578,4138.8335,4402.9455,3642.9689,4447.4081,3642.9524,4447.4387,3642.9758,4943.3596,4533.8112,4943.3608,4578.5842,4943.3281,4578.6429,4052.4995,5074.5351,4007.9651,5074.5318)
polygon(4513.7778,5983.6025,4017.9806,5092.6493,4017.9818,5047.8761,4908.9595,4552.014,4953.4679,4551.9722,5449.3889,5442.8562,5449.3905,5487.6297,5449.2932,5487.7242,4558.4903,5983.5494,4558.3579,5983.5807)
box(4224.8385,4357.7791,3166.787,1089.3449,61)
box(5250.3664,3407.6773,2126.2284,1092.4074,61)
