# Region file format: DS9 version 4.1
global color=green dashlist=8 3 width=1 font="helvetica 10 normal roman" select=1 highlite=1 dash=0 fixed=0 edit=1 move=1 delete=1 include=1 source=1
physical
polygon(3451.3539,3178.1829,4048.4036,4003.2608,4048.4048,4048.8218,4048.3963,4048.8304,3224.9028,4648.0464,3178.9292,4648.0003,2581.6485,3822.9365,2581.6496,3777.3754,2581.6856,3777.1939,3405.4564,3178.1481)
polygon(4892.9623,3433.904,4069.409,4033.0399,4069.3986,4033.046,4023.457,4033.0434,3422.1884,3211.0324,3422.1894,3165.4712,4245.728,2566.1044,4291.5937,2566.0954,4291.7771,2566.1164,4892.9612,3388.3428)
polygon(3193.5921,4622.9289,4017.1895,4023.852,4063.1306,4023.8549,4664.4216,4845.8238,4664.4229,4891.385,3840.9022,5490.778,3794.8852,5490.7636,3794.7182,5490.7297,3193.6578,4668.5971,3193.5908,4668.49)
polygon(4635.5793,4879.2633,4038.576,4054.1735,4038.5772,4008.6124,4862.0888,3409.4227,4907.9982,3409.3817,4908.079,3409.4777,5505.31,4234.4,5505.3112,4279.961,5505.2916,4280.1296,4681.5647,4879.2343)
polygon(3839.6797,5832.7305,4663.7308,5232.2977,4663.8719,5232.2259,4709.8756,5232.1955,5310.472,6056.1234,5310.4738,6101.6854,4486.5327,6702.2701,4486.2183,6702.3148,4440.1385,6702.3335,3839.6784,5878.2924)
polygon(6153.482,5487.7146,6153.3154,5487.9621,5329.3659,6088.0568,5329.1262,6088.204,5283.0779,6088.266,4682.8734,5264.0523,4682.8744,5218.4909,5507.1583,4618.1147,5553.1307,4618.0407,6153.4801,5442.1531)
box(4039.9129,4029.9661,2134.2127,2117.1019,54)
box(4996.7254,5662.5221,1089.8864,2134.2412,54)
