# Region file format: DS9 version 4.1
global color=green dashlist=8 3 width=1 font="helvetica 10 normal roman" select=1 highlite=1 dash=0 fixed=0 edit=1 move=1 delete=1 include=1 source=1
physical
polygon(3582.064,5016.5131,3537.9533,5016.4866,2621.1849,4572.6295,2621.1361,4572.4736,2621.1374,4528.5667,3063.0075,3610.8485,3107.0486,3610.8989,4023.6255,4054.8665,4023.6266,4098.7733,4023.6246,4098.7835)
polygon(3071.7492,3635.6515,3071.7501,3591.7446,3071.8019,3591.637,3513.2772,2673.862,3513.4275,2673.8018,3557.4219,2673.8299,4476.29,3113.3281,4476.291,3157.2351,4034.6529,4074.9266,4034.6483,4074.9356,3990.5845,4074.9314)
polygon(4965.1844,4505.2663,4965.1856,4549.1732,4523.685,5467.0716,4523.5402,5467.1151,4479.4072,5467.1351,3560.6793,5027.6532,3560.5816,5027.5981,3560.5829,4983.691,4002.2855,4066.0276,4046.349,4066.0311)
polygon(4455.495,3124.762,4499.5118,3124.743,4499.6136,3124.7839,5416.2853,3568.5494,5416.3395,3568.6887,5416.3404,3612.5956,4974.579,4530.2498,4974.5348,4530.3417,4930.4481,4530.3841,4013.9067,4086.3828,4013.9078,4042.476)
polygon(4702.5373,5787.194,4702.5381,5743.2865,5143.9985,4824.215,5144.0791,4824.1002,5188.1804,4824.0473,6107.3307,5265.337,6107.3323,5309.2442,5666.0258,6228.3905,5665.7993,6228.5565,5621.6279,6228.6325)
polygon(6559.0926,4325.3723,6559.0939,4369.2791,6559.0669,4369.5411,6117.5184,5288.2944,6117.3928,5288.5089,6073.2676,5288.6075,5154.3205,4846.8959,5154.3214,4802.989,5596.0175,3883.8788,5640.0724,3883.8032)
box(4019.111,4070.616,2123,2123,25.75)
box(5630.3249,5056.2215,1078.7321,2122.0102,25.75)
