# Region file format: DS9 version 4.1
global color=green dashlist=8 3 width=1 font="helvetica 10 normal roman" select=1 highlite=1 dash=0 fixed=0 edit=1 move=1 delete=1 include=1 source=1
physical
box(4137.6931,4033.5674,2142.5672,2142.5672,45)
box(2680.4456,5234.0311,1089.4409,2124.4098,315)
polygon(3398.3944,3316.8686,3398.3954,3271.1231,4118.6279,2550.8884,4163.9174,2550.8861,4164.1042,2550.8915,4885.9145,3269.5337,4885.9155,3315.2792,4165.6315,4035.287,4120.2661,4035.2893,4120.2558,4035.2837)
polygon(4855.7504,3284.0916,4901.0776,3284.0515,4901.1744,3284.1473,5623.1659,4002.4123,5623.1746,4002.5967,5623.1758,4048.3421,4906.3611,4771.9813,4860.9579,4772.0214,4139.1618,4053.5267,4139.1629,4007.7814)
polygon(3431.0791,4776.7907,3385.6756,4776.7557,2663.6352,4058.3417,2663.6363,4012.5964,2663.6438,4012.4233,3380.3868,3288.9234,3380.483,3288.8383,3425.8104,3288.8739,4147.624,4007.3399,4147.6252,4053.0852)
polygon(4887.9637,4744.4112,4887.9651,4790.1567,4887.8828,4790.2509,4167.7791,5510.4138,4167.6084,5510.4196,4122.1676,5510.4221,3400.4655,4791.8417,3400.3829,4791.759,3400.3842,4746.0136,4120.6895,4026.0514,4166.0544,4026.0491,4166.0603,4026.0547)
polygon(2338.1692,5606.0988,2292.7226,5606.0084,1569.4403,4887.3681,1569.3461,4887.0608,1569.3477,4841.3153,2288.0697,4118.104,2333.4402,4118.1953,3056.663,4836.8946,3056.7567,4837.025,3056.7577,4882.7705)
polygon(3077.7202,6341.4127,3032.2366,6341.36,3031.964,6341.2321,2309.1663,5622.5086,2308.9819,5622.292,2308.9837,5576.5461,3027.9166,4853.5599,3073.3241,4853.6132,3796.5289,5572.553,3796.53,5618.2989)
